@relation openSMILE_features

@attribute name string
@attribute audspec_lengthL1norm_sma_range numeric
@attribute audspec_lengthL1norm_sma_maxPos numeric
@attribute audspec_lengthL1norm_sma_minPos numeric
@attribute audspec_lengthL1norm_sma_quartile1 numeric
@attribute audspec_lengthL1norm_sma_quartile2 numeric
@attribute audspec_lengthL1norm_sma_quartile3 numeric
@attribute audspec_lengthL1norm_sma_iqr1-2 numeric
@attribute audspec_lengthL1norm_sma_iqr2-3 numeric
@attribute audspec_lengthL1norm_sma_iqr1-3 numeric
@attribute audspec_lengthL1norm_sma_percentile1.0 numeric
@attribute audspec_lengthL1norm_sma_percentile99.0 numeric
@attribute audspec_lengthL1norm_sma_pctlrange0-1 numeric
@attribute audspec_lengthL1norm_sma_stddev numeric
@attribute audspec_lengthL1norm_sma_skewness numeric
@attribute audspec_lengthL1norm_sma_kurtosis numeric
@attribute audspec_lengthL1norm_sma_meanSegLen numeric
@attribute audspec_lengthL1norm_sma_maxSegLen numeric
@attribute audspec_lengthL1norm_sma_minSegLen numeric
@attribute audspec_lengthL1norm_sma_segLenStddev numeric
@attribute audspec_lengthL1norm_sma_upleveltime25 numeric
@attribute audspec_lengthL1norm_sma_upleveltime50 numeric
@attribute audspec_lengthL1norm_sma_upleveltime75 numeric
@attribute audspec_lengthL1norm_sma_upleveltime90 numeric
@attribute audspec_lengthL1norm_sma_risetime numeric
@attribute audspec_lengthL1norm_sma_leftctime numeric
@attribute audspec_lengthL1norm_sma_lpgain numeric
@attribute audspec_lengthL1norm_sma_lpc0 numeric
@attribute audspec_lengthL1norm_sma_lpc1 numeric
@attribute audspec_lengthL1norm_sma_lpc2 numeric
@attribute audspec_lengthL1norm_sma_lpc3 numeric
@attribute audspec_lengthL1norm_sma_lpc4 numeric
@attribute audspecRasta_lengthL1norm_sma_range numeric
@attribute audspecRasta_lengthL1norm_sma_maxPos numeric
@attribute audspecRasta_lengthL1norm_sma_minPos numeric
@attribute audspecRasta_lengthL1norm_sma_quartile1 numeric
@attribute audspecRasta_lengthL1norm_sma_quartile2 numeric
@attribute audspecRasta_lengthL1norm_sma_quartile3 numeric
@attribute audspecRasta_lengthL1norm_sma_iqr1-2 numeric
@attribute audspecRasta_lengthL1norm_sma_iqr2-3 numeric
@attribute audspecRasta_lengthL1norm_sma_iqr1-3 numeric
@attribute audspecRasta_lengthL1norm_sma_percentile1.0 numeric
@attribute audspecRasta_lengthL1norm_sma_percentile99.0 numeric
@attribute audspecRasta_lengthL1norm_sma_pctlrange0-1 numeric
@attribute audspecRasta_lengthL1norm_sma_stddev numeric
@attribute audspecRasta_lengthL1norm_sma_skewness numeric
@attribute audspecRasta_lengthL1norm_sma_kurtosis numeric
@attribute audspecRasta_lengthL1norm_sma_meanSegLen numeric
@attribute audspecRasta_lengthL1norm_sma_maxSegLen numeric
@attribute audspecRasta_lengthL1norm_sma_minSegLen numeric
@attribute audspecRasta_lengthL1norm_sma_segLenStddev numeric
@attribute audspecRasta_lengthL1norm_sma_upleveltime25 numeric
@attribute audspecRasta_lengthL1norm_sma_upleveltime50 numeric
@attribute audspecRasta_lengthL1norm_sma_upleveltime75 numeric
@attribute audspecRasta_lengthL1norm_sma_upleveltime90 numeric
@attribute audspecRasta_lengthL1norm_sma_risetime numeric
@attribute audspecRasta_lengthL1norm_sma_leftctime numeric
@attribute audspecRasta_lengthL1norm_sma_lpgain numeric
@attribute audspecRasta_lengthL1norm_sma_lpc0 numeric
@attribute audspecRasta_lengthL1norm_sma_lpc1 numeric
@attribute audspecRasta_lengthL1norm_sma_lpc2 numeric
@attribute audspecRasta_lengthL1norm_sma_lpc3 numeric
@attribute audspecRasta_lengthL1norm_sma_lpc4 numeric
@attribute pcm_RMSenergy_sma_range numeric
@attribute pcm_RMSenergy_sma_maxPos numeric
@attribute pcm_RMSenergy_sma_minPos numeric
@attribute pcm_RMSenergy_sma_quartile1 numeric
@attribute pcm_RMSenergy_sma_quartile2 numeric
@attribute pcm_RMSenergy_sma_quartile3 numeric
@attribute pcm_RMSenergy_sma_iqr1-2 numeric
@attribute pcm_RMSenergy_sma_iqr2-3 numeric
@attribute pcm_RMSenergy_sma_iqr1-3 numeric
@attribute pcm_RMSenergy_sma_percentile1.0 numeric
@attribute pcm_RMSenergy_sma_percentile99.0 numeric
@attribute pcm_RMSenergy_sma_pctlrange0-1 numeric
@attribute pcm_RMSenergy_sma_stddev numeric
@attribute pcm_RMSenergy_sma_skewness numeric
@attribute pcm_RMSenergy_sma_kurtosis numeric
@attribute pcm_RMSenergy_sma_meanSegLen numeric
@attribute pcm_RMSenergy_sma_maxSegLen numeric
@attribute pcm_RMSenergy_sma_minSegLen numeric
@attribute pcm_RMSenergy_sma_segLenStddev numeric
@attribute pcm_RMSenergy_sma_upleveltime25 numeric
@attribute pcm_RMSenergy_sma_upleveltime50 numeric
@attribute pcm_RMSenergy_sma_upleveltime75 numeric
@attribute pcm_RMSenergy_sma_upleveltime90 numeric
@attribute pcm_RMSenergy_sma_risetime numeric
@attribute pcm_RMSenergy_sma_leftctime numeric
@attribute pcm_RMSenergy_sma_lpgain numeric
@attribute pcm_RMSenergy_sma_lpc0 numeric
@attribute pcm_RMSenergy_sma_lpc1 numeric
@attribute pcm_RMSenergy_sma_lpc2 numeric
@attribute pcm_RMSenergy_sma_lpc3 numeric
@attribute pcm_RMSenergy_sma_lpc4 numeric
@attribute pcm_zcr_sma_range numeric
@attribute pcm_zcr_sma_maxPos numeric
@attribute pcm_zcr_sma_minPos numeric
@attribute pcm_zcr_sma_quartile1 numeric
@attribute pcm_zcr_sma_quartile2 numeric
@attribute pcm_zcr_sma_quartile3 numeric
@attribute pcm_zcr_sma_iqr1-2 numeric
@attribute pcm_zcr_sma_iqr2-3 numeric
@attribute pcm_zcr_sma_iqr1-3 numeric
@attribute pcm_zcr_sma_percentile1.0 numeric
@attribute pcm_zcr_sma_percentile99.0 numeric
@attribute pcm_zcr_sma_pctlrange0-1 numeric
@attribute pcm_zcr_sma_stddev numeric
@attribute pcm_zcr_sma_skewness numeric
@attribute pcm_zcr_sma_kurtosis numeric
@attribute pcm_zcr_sma_meanSegLen numeric
@attribute pcm_zcr_sma_maxSegLen numeric
@attribute pcm_zcr_sma_minSegLen numeric
@attribute pcm_zcr_sma_segLenStddev numeric
@attribute pcm_zcr_sma_upleveltime25 numeric
@attribute pcm_zcr_sma_upleveltime50 numeric
@attribute pcm_zcr_sma_upleveltime75 numeric
@attribute pcm_zcr_sma_upleveltime90 numeric
@attribute pcm_zcr_sma_risetime numeric
@attribute pcm_zcr_sma_leftctime numeric
@attribute pcm_zcr_sma_lpgain numeric
@attribute pcm_zcr_sma_lpc0 numeric
@attribute pcm_zcr_sma_lpc1 numeric
@attribute pcm_zcr_sma_lpc2 numeric
@attribute pcm_zcr_sma_lpc3 numeric
@attribute pcm_zcr_sma_lpc4 numeric
@attribute audspec_lengthL1norm_sma_de_range numeric
@attribute audspec_lengthL1norm_sma_de_maxPos numeric
@attribute audspec_lengthL1norm_sma_de_minPos numeric
@attribute audspec_lengthL1norm_sma_de_quartile1 numeric
@attribute audspec_lengthL1norm_sma_de_quartile2 numeric
@attribute audspec_lengthL1norm_sma_de_quartile3 numeric
@attribute audspec_lengthL1norm_sma_de_iqr1-2 numeric
@attribute audspec_lengthL1norm_sma_de_iqr2-3 numeric
@attribute audspec_lengthL1norm_sma_de_iqr1-3 numeric
@attribute audspec_lengthL1norm_sma_de_percentile1.0 numeric
@attribute audspec_lengthL1norm_sma_de_percentile99.0 numeric
@attribute audspec_lengthL1norm_sma_de_pctlrange0-1 numeric
@attribute audspec_lengthL1norm_sma_de_stddev numeric
@attribute audspec_lengthL1norm_sma_de_skewness numeric
@attribute audspec_lengthL1norm_sma_de_kurtosis numeric
@attribute audspec_lengthL1norm_sma_de_meanSegLen numeric
@attribute audspec_lengthL1norm_sma_de_maxSegLen numeric
@attribute audspec_lengthL1norm_sma_de_minSegLen numeric
@attribute audspec_lengthL1norm_sma_de_segLenStddev numeric
@attribute audspec_lengthL1norm_sma_de_upleveltime25 numeric
@attribute audspec_lengthL1norm_sma_de_upleveltime50 numeric
@attribute audspec_lengthL1norm_sma_de_upleveltime75 numeric
@attribute audspec_lengthL1norm_sma_de_upleveltime90 numeric
@attribute audspec_lengthL1norm_sma_de_risetime numeric
@attribute audspec_lengthL1norm_sma_de_leftctime numeric
@attribute audspec_lengthL1norm_sma_de_lpgain numeric
@attribute audspec_lengthL1norm_sma_de_lpc0 numeric
@attribute audspec_lengthL1norm_sma_de_lpc1 numeric
@attribute audspec_lengthL1norm_sma_de_lpc2 numeric
@attribute audspec_lengthL1norm_sma_de_lpc3 numeric
@attribute audspec_lengthL1norm_sma_de_lpc4 numeric
@attribute audspecRasta_lengthL1norm_sma_de_range numeric
@attribute audspecRasta_lengthL1norm_sma_de_maxPos numeric
@attribute audspecRasta_lengthL1norm_sma_de_minPos numeric
@attribute audspecRasta_lengthL1norm_sma_de_quartile1 numeric
@attribute audspecRasta_lengthL1norm_sma_de_quartile2 numeric
@attribute audspecRasta_lengthL1norm_sma_de_quartile3 numeric
@attribute audspecRasta_lengthL1norm_sma_de_iqr1-2 numeric
@attribute audspecRasta_lengthL1norm_sma_de_iqr2-3 numeric
@attribute audspecRasta_lengthL1norm_sma_de_iqr1-3 numeric
@attribute audspecRasta_lengthL1norm_sma_de_percentile1.0 numeric
@attribute audspecRasta_lengthL1norm_sma_de_percentile99.0 numeric
@attribute audspecRasta_lengthL1norm_sma_de_pctlrange0-1 numeric
@attribute audspecRasta_lengthL1norm_sma_de_stddev numeric
@attribute audspecRasta_lengthL1norm_sma_de_skewness numeric
@attribute audspecRasta_lengthL1norm_sma_de_kurtosis numeric
@attribute audspecRasta_lengthL1norm_sma_de_meanSegLen numeric
@attribute audspecRasta_lengthL1norm_sma_de_maxSegLen numeric
@attribute audspecRasta_lengthL1norm_sma_de_minSegLen numeric
@attribute audspecRasta_lengthL1norm_sma_de_segLenStddev numeric
@attribute audspecRasta_lengthL1norm_sma_de_upleveltime25 numeric
@attribute audspecRasta_lengthL1norm_sma_de_upleveltime50 numeric
@attribute audspecRasta_lengthL1norm_sma_de_upleveltime75 numeric
@attribute audspecRasta_lengthL1norm_sma_de_upleveltime90 numeric
@attribute audspecRasta_lengthL1norm_sma_de_risetime numeric
@attribute audspecRasta_lengthL1norm_sma_de_leftctime numeric
@attribute audspecRasta_lengthL1norm_sma_de_lpgain numeric
@attribute audspecRasta_lengthL1norm_sma_de_lpc0 numeric
@attribute audspecRasta_lengthL1norm_sma_de_lpc1 numeric
@attribute audspecRasta_lengthL1norm_sma_de_lpc2 numeric
@attribute audspecRasta_lengthL1norm_sma_de_lpc3 numeric
@attribute audspecRasta_lengthL1norm_sma_de_lpc4 numeric
@attribute pcm_RMSenergy_sma_de_range numeric
@attribute pcm_RMSenergy_sma_de_maxPos numeric
@attribute pcm_RMSenergy_sma_de_minPos numeric
@attribute pcm_RMSenergy_sma_de_quartile1 numeric
@attribute pcm_RMSenergy_sma_de_quartile2 numeric
@attribute pcm_RMSenergy_sma_de_quartile3 numeric
@attribute pcm_RMSenergy_sma_de_iqr1-2 numeric
@attribute pcm_RMSenergy_sma_de_iqr2-3 numeric
@attribute pcm_RMSenergy_sma_de_iqr1-3 numeric
@attribute pcm_RMSenergy_sma_de_percentile1.0 numeric
@attribute pcm_RMSenergy_sma_de_percentile99.0 numeric
@attribute pcm_RMSenergy_sma_de_pctlrange0-1 numeric
@attribute pcm_RMSenergy_sma_de_stddev numeric
@attribute pcm_RMSenergy_sma_de_skewness numeric
@attribute pcm_RMSenergy_sma_de_kurtosis numeric
@attribute pcm_RMSenergy_sma_de_meanSegLen numeric
@attribute pcm_RMSenergy_sma_de_maxSegLen numeric
@attribute pcm_RMSenergy_sma_de_minSegLen numeric
@attribute pcm_RMSenergy_sma_de_segLenStddev numeric
@attribute pcm_RMSenergy_sma_de_upleveltime25 numeric
@attribute pcm_RMSenergy_sma_de_upleveltime50 numeric
@attribute pcm_RMSenergy_sma_de_upleveltime75 numeric
@attribute pcm_RMSenergy_sma_de_upleveltime90 numeric
@attribute pcm_RMSenergy_sma_de_risetime numeric
@attribute pcm_RMSenergy_sma_de_leftctime numeric
@attribute pcm_RMSenergy_sma_de_lpgain numeric
@attribute pcm_RMSenergy_sma_de_lpc0 numeric
@attribute pcm_RMSenergy_sma_de_lpc1 numeric
@attribute pcm_RMSenergy_sma_de_lpc2 numeric
@attribute pcm_RMSenergy_sma_de_lpc3 numeric
@attribute pcm_RMSenergy_sma_de_lpc4 numeric
@attribute pcm_zcr_sma_de_range numeric
@attribute pcm_zcr_sma_de_maxPos numeric
@attribute pcm_zcr_sma_de_minPos numeric
@attribute pcm_zcr_sma_de_quartile1 numeric
@attribute pcm_zcr_sma_de_quartile2 numeric
@attribute pcm_zcr_sma_de_quartile3 numeric
@attribute pcm_zcr_sma_de_iqr1-2 numeric
@attribute pcm_zcr_sma_de_iqr2-3 numeric
@attribute pcm_zcr_sma_de_iqr1-3 numeric
@attribute pcm_zcr_sma_de_percentile1.0 numeric
@attribute pcm_zcr_sma_de_percentile99.0 numeric
@attribute pcm_zcr_sma_de_pctlrange0-1 numeric
@attribute pcm_zcr_sma_de_stddev numeric
@attribute pcm_zcr_sma_de_skewness numeric
@attribute pcm_zcr_sma_de_kurtosis numeric
@attribute pcm_zcr_sma_de_meanSegLen numeric
@attribute pcm_zcr_sma_de_maxSegLen numeric
@attribute pcm_zcr_sma_de_minSegLen numeric
@attribute pcm_zcr_sma_de_segLenStddev numeric
@attribute pcm_zcr_sma_de_upleveltime25 numeric
@attribute pcm_zcr_sma_de_upleveltime50 numeric
@attribute pcm_zcr_sma_de_upleveltime75 numeric
@attribute pcm_zcr_sma_de_upleveltime90 numeric
@attribute pcm_zcr_sma_de_risetime numeric
@attribute pcm_zcr_sma_de_leftctime numeric
@attribute pcm_zcr_sma_de_lpgain numeric
@attribute pcm_zcr_sma_de_lpc0 numeric
@attribute pcm_zcr_sma_de_lpc1 numeric
@attribute pcm_zcr_sma_de_lpc2 numeric
@attribute pcm_zcr_sma_de_lpc3 numeric
@attribute pcm_zcr_sma_de_lpc4 numeric
@attribute audSpec_Rfilt_sma[0]_range numeric
@attribute audSpec_Rfilt_sma[0]_maxPos numeric
@attribute audSpec_Rfilt_sma[0]_minPos numeric
@attribute audSpec_Rfilt_sma[0]_quartile1 numeric
@attribute audSpec_Rfilt_sma[0]_quartile2 numeric
@attribute audSpec_Rfilt_sma[0]_quartile3 numeric
@attribute audSpec_Rfilt_sma[0]_iqr1-2 numeric
@attribute audSpec_Rfilt_sma[0]_iqr2-3 numeric
@attribute audSpec_Rfilt_sma[0]_iqr1-3 numeric
@attribute audSpec_Rfilt_sma[0]_percentile1.0 numeric
@attribute audSpec_Rfilt_sma[0]_percentile99.0 numeric
@attribute audSpec_Rfilt_sma[0]_pctlrange0-1 numeric
@attribute audSpec_Rfilt_sma[0]_stddev numeric
@attribute audSpec_Rfilt_sma[0]_skewness numeric
@attribute audSpec_Rfilt_sma[0]_kurtosis numeric
@attribute audSpec_Rfilt_sma[0]_meanSegLen numeric
@attribute audSpec_Rfilt_sma[0]_maxSegLen numeric
@attribute audSpec_Rfilt_sma[0]_minSegLen numeric
@attribute audSpec_Rfilt_sma[0]_segLenStddev numeric
@attribute audSpec_Rfilt_sma[0]_upleveltime25 numeric
@attribute audSpec_Rfilt_sma[0]_upleveltime50 numeric
@attribute audSpec_Rfilt_sma[0]_upleveltime75 numeric
@attribute audSpec_Rfilt_sma[0]_upleveltime90 numeric
@attribute audSpec_Rfilt_sma[0]_risetime numeric
@attribute audSpec_Rfilt_sma[0]_leftctime numeric
@attribute audSpec_Rfilt_sma[0]_lpgain numeric
@attribute audSpec_Rfilt_sma[0]_lpc0 numeric
@attribute audSpec_Rfilt_sma[0]_lpc1 numeric
@attribute audSpec_Rfilt_sma[0]_lpc2 numeric
@attribute audSpec_Rfilt_sma[0]_lpc3 numeric
@attribute audSpec_Rfilt_sma[0]_lpc4 numeric
@attribute audSpec_Rfilt_sma[1]_range numeric
@attribute audSpec_Rfilt_sma[1]_maxPos numeric
@attribute audSpec_Rfilt_sma[1]_minPos numeric
@attribute audSpec_Rfilt_sma[1]_quartile1 numeric
@attribute audSpec_Rfilt_sma[1]_quartile2 numeric
@attribute audSpec_Rfilt_sma[1]_quartile3 numeric
@attribute audSpec_Rfilt_sma[1]_iqr1-2 numeric
@attribute audSpec_Rfilt_sma[1]_iqr2-3 numeric
@attribute audSpec_Rfilt_sma[1]_iqr1-3 numeric
@attribute audSpec_Rfilt_sma[1]_percentile1.0 numeric
@attribute audSpec_Rfilt_sma[1]_percentile99.0 numeric
@attribute audSpec_Rfilt_sma[1]_pctlrange0-1 numeric
@attribute audSpec_Rfilt_sma[1]_stddev numeric
@attribute audSpec_Rfilt_sma[1]_skewness numeric
@attribute audSpec_Rfilt_sma[1]_kurtosis numeric
@attribute audSpec_Rfilt_sma[1]_meanSegLen numeric
@attribute audSpec_Rfilt_sma[1]_maxSegLen numeric
@attribute audSpec_Rfilt_sma[1]_minSegLen numeric
@attribute audSpec_Rfilt_sma[1]_segLenStddev numeric
@attribute audSpec_Rfilt_sma[1]_upleveltime25 numeric
@attribute audSpec_Rfilt_sma[1]_upleveltime50 numeric
@attribute audSpec_Rfilt_sma[1]_upleveltime75 numeric
@attribute audSpec_Rfilt_sma[1]_upleveltime90 numeric
@attribute audSpec_Rfilt_sma[1]_risetime numeric
@attribute audSpec_Rfilt_sma[1]_leftctime numeric
@attribute audSpec_Rfilt_sma[1]_lpgain numeric
@attribute audSpec_Rfilt_sma[1]_lpc0 numeric
@attribute audSpec_Rfilt_sma[1]_lpc1 numeric
@attribute audSpec_Rfilt_sma[1]_lpc2 numeric
@attribute audSpec_Rfilt_sma[1]_lpc3 numeric
@attribute audSpec_Rfilt_sma[1]_lpc4 numeric
@attribute audSpec_Rfilt_sma[2]_range numeric
@attribute audSpec_Rfilt_sma[2]_maxPos numeric
@attribute audSpec_Rfilt_sma[2]_minPos numeric
@attribute audSpec_Rfilt_sma[2]_quartile1 numeric
@attribute audSpec_Rfilt_sma[2]_quartile2 numeric
@attribute audSpec_Rfilt_sma[2]_quartile3 numeric
@attribute audSpec_Rfilt_sma[2]_iqr1-2 numeric
@attribute audSpec_Rfilt_sma[2]_iqr2-3 numeric
@attribute audSpec_Rfilt_sma[2]_iqr1-3 numeric
@attribute audSpec_Rfilt_sma[2]_percentile1.0 numeric
@attribute audSpec_Rfilt_sma[2]_percentile99.0 numeric
@attribute audSpec_Rfilt_sma[2]_pctlrange0-1 numeric
@attribute audSpec_Rfilt_sma[2]_stddev numeric
@attribute audSpec_Rfilt_sma[2]_skewness numeric
@attribute audSpec_Rfilt_sma[2]_kurtosis numeric
@attribute audSpec_Rfilt_sma[2]_meanSegLen numeric
@attribute audSpec_Rfilt_sma[2]_maxSegLen numeric
@attribute audSpec_Rfilt_sma[2]_minSegLen numeric
@attribute audSpec_Rfilt_sma[2]_segLenStddev numeric
@attribute audSpec_Rfilt_sma[2]_upleveltime25 numeric
@attribute audSpec_Rfilt_sma[2]_upleveltime50 numeric
@attribute audSpec_Rfilt_sma[2]_upleveltime75 numeric
@attribute audSpec_Rfilt_sma[2]_upleveltime90 numeric
@attribute audSpec_Rfilt_sma[2]_risetime numeric
@attribute audSpec_Rfilt_sma[2]_leftctime numeric
@attribute audSpec_Rfilt_sma[2]_lpgain numeric
@attribute audSpec_Rfilt_sma[2]_lpc0 numeric
@attribute audSpec_Rfilt_sma[2]_lpc1 numeric
@attribute audSpec_Rfilt_sma[2]_lpc2 numeric
@attribute audSpec_Rfilt_sma[2]_lpc3 numeric
@attribute audSpec_Rfilt_sma[2]_lpc4 numeric
@attribute audSpec_Rfilt_sma[3]_range numeric
@attribute audSpec_Rfilt_sma[3]_maxPos numeric
@attribute audSpec_Rfilt_sma[3]_minPos numeric
@attribute audSpec_Rfilt_sma[3]_quartile1 numeric
@attribute audSpec_Rfilt_sma[3]_quartile2 numeric
@attribute audSpec_Rfilt_sma[3]_quartile3 numeric
@attribute audSpec_Rfilt_sma[3]_iqr1-2 numeric
@attribute audSpec_Rfilt_sma[3]_iqr2-3 numeric
@attribute audSpec_Rfilt_sma[3]_iqr1-3 numeric
@attribute audSpec_Rfilt_sma[3]_percentile1.0 numeric
@attribute audSpec_Rfilt_sma[3]_percentile99.0 numeric
@attribute audSpec_Rfilt_sma[3]_pctlrange0-1 numeric
@attribute audSpec_Rfilt_sma[3]_stddev numeric
@attribute audSpec_Rfilt_sma[3]_skewness numeric
@attribute audSpec_Rfilt_sma[3]_kurtosis numeric
@attribute audSpec_Rfilt_sma[3]_meanSegLen numeric
@attribute audSpec_Rfilt_sma[3]_maxSegLen numeric
@attribute audSpec_Rfilt_sma[3]_minSegLen numeric
@attribute audSpec_Rfilt_sma[3]_segLenStddev numeric
@attribute audSpec_Rfilt_sma[3]_upleveltime25 numeric
@attribute audSpec_Rfilt_sma[3]_upleveltime50 numeric
@attribute audSpec_Rfilt_sma[3]_upleveltime75 numeric
@attribute audSpec_Rfilt_sma[3]_upleveltime90 numeric
@attribute audSpec_Rfilt_sma[3]_risetime numeric
@attribute audSpec_Rfilt_sma[3]_leftctime numeric
@attribute audSpec_Rfilt_sma[3]_lpgain numeric
@attribute audSpec_Rfilt_sma[3]_lpc0 numeric
@attribute audSpec_Rfilt_sma[3]_lpc1 numeric
@attribute audSpec_Rfilt_sma[3]_lpc2 numeric
@attribute audSpec_Rfilt_sma[3]_lpc3 numeric
@attribute audSpec_Rfilt_sma[3]_lpc4 numeric
@attribute audSpec_Rfilt_sma[4]_range numeric
@attribute audSpec_Rfilt_sma[4]_maxPos numeric
@attribute audSpec_Rfilt_sma[4]_minPos numeric
@attribute audSpec_Rfilt_sma[4]_quartile1 numeric
@attribute audSpec_Rfilt_sma[4]_quartile2 numeric
@attribute audSpec_Rfilt_sma[4]_quartile3 numeric
@attribute audSpec_Rfilt_sma[4]_iqr1-2 numeric
@attribute audSpec_Rfilt_sma[4]_iqr2-3 numeric
@attribute audSpec_Rfilt_sma[4]_iqr1-3 numeric
@attribute audSpec_Rfilt_sma[4]_percentile1.0 numeric
@attribute audSpec_Rfilt_sma[4]_percentile99.0 numeric
@attribute audSpec_Rfilt_sma[4]_pctlrange0-1 numeric
@attribute audSpec_Rfilt_sma[4]_stddev numeric
@attribute audSpec_Rfilt_sma[4]_skewness numeric
@attribute audSpec_Rfilt_sma[4]_kurtosis numeric
@attribute audSpec_Rfilt_sma[4]_meanSegLen numeric
@attribute audSpec_Rfilt_sma[4]_maxSegLen numeric
@attribute audSpec_Rfilt_sma[4]_minSegLen numeric
@attribute audSpec_Rfilt_sma[4]_segLenStddev numeric
@attribute audSpec_Rfilt_sma[4]_upleveltime25 numeric
@attribute audSpec_Rfilt_sma[4]_upleveltime50 numeric
@attribute audSpec_Rfilt_sma[4]_upleveltime75 numeric
@attribute audSpec_Rfilt_sma[4]_upleveltime90 numeric
@attribute audSpec_Rfilt_sma[4]_risetime numeric
@attribute audSpec_Rfilt_sma[4]_leftctime numeric
@attribute audSpec_Rfilt_sma[4]_lpgain numeric
@attribute audSpec_Rfilt_sma[4]_lpc0 numeric
@attribute audSpec_Rfilt_sma[4]_lpc1 numeric
@attribute audSpec_Rfilt_sma[4]_lpc2 numeric
@attribute audSpec_Rfilt_sma[4]_lpc3 numeric
@attribute audSpec_Rfilt_sma[4]_lpc4 numeric
@attribute audSpec_Rfilt_sma[5]_range numeric
@attribute audSpec_Rfilt_sma[5]_maxPos numeric
@attribute audSpec_Rfilt_sma[5]_minPos numeric
@attribute audSpec_Rfilt_sma[5]_quartile1 numeric
@attribute audSpec_Rfilt_sma[5]_quartile2 numeric
@attribute audSpec_Rfilt_sma[5]_quartile3 numeric
@attribute audSpec_Rfilt_sma[5]_iqr1-2 numeric
@attribute audSpec_Rfilt_sma[5]_iqr2-3 numeric
@attribute audSpec_Rfilt_sma[5]_iqr1-3 numeric
@attribute audSpec_Rfilt_sma[5]_percentile1.0 numeric
@attribute audSpec_Rfilt_sma[5]_percentile99.0 numeric
@attribute audSpec_Rfilt_sma[5]_pctlrange0-1 numeric
@attribute audSpec_Rfilt_sma[5]_stddev numeric
@attribute audSpec_Rfilt_sma[5]_skewness numeric
@attribute audSpec_Rfilt_sma[5]_kurtosis numeric
@attribute audSpec_Rfilt_sma[5]_meanSegLen numeric
@attribute audSpec_Rfilt_sma[5]_maxSegLen numeric
@attribute audSpec_Rfilt_sma[5]_minSegLen numeric
@attribute audSpec_Rfilt_sma[5]_segLenStddev numeric
@attribute audSpec_Rfilt_sma[5]_upleveltime25 numeric
@attribute audSpec_Rfilt_sma[5]_upleveltime50 numeric
@attribute audSpec_Rfilt_sma[5]_upleveltime75 numeric
@attribute audSpec_Rfilt_sma[5]_upleveltime90 numeric
@attribute audSpec_Rfilt_sma[5]_risetime numeric
@attribute audSpec_Rfilt_sma[5]_leftctime numeric
@attribute audSpec_Rfilt_sma[5]_lpgain numeric
@attribute audSpec_Rfilt_sma[5]_lpc0 numeric
@attribute audSpec_Rfilt_sma[5]_lpc1 numeric
@attribute audSpec_Rfilt_sma[5]_lpc2 numeric
@attribute audSpec_Rfilt_sma[5]_lpc3 numeric
@attribute audSpec_Rfilt_sma[5]_lpc4 numeric
@attribute audSpec_Rfilt_sma[6]_range numeric
@attribute audSpec_Rfilt_sma[6]_maxPos numeric
@attribute audSpec_Rfilt_sma[6]_minPos numeric
@attribute audSpec_Rfilt_sma[6]_quartile1 numeric
@attribute audSpec_Rfilt_sma[6]_quartile2 numeric
@attribute audSpec_Rfilt_sma[6]_quartile3 numeric
@attribute audSpec_Rfilt_sma[6]_iqr1-2 numeric
@attribute audSpec_Rfilt_sma[6]_iqr2-3 numeric
@attribute audSpec_Rfilt_sma[6]_iqr1-3 numeric
@attribute audSpec_Rfilt_sma[6]_percentile1.0 numeric
@attribute audSpec_Rfilt_sma[6]_percentile99.0 numeric
@attribute audSpec_Rfilt_sma[6]_pctlrange0-1 numeric
@attribute audSpec_Rfilt_sma[6]_stddev numeric
@attribute audSpec_Rfilt_sma[6]_skewness numeric
@attribute audSpec_Rfilt_sma[6]_kurtosis numeric
@attribute audSpec_Rfilt_sma[6]_meanSegLen numeric
@attribute audSpec_Rfilt_sma[6]_maxSegLen numeric
@attribute audSpec_Rfilt_sma[6]_minSegLen numeric
@attribute audSpec_Rfilt_sma[6]_segLenStddev numeric
@attribute audSpec_Rfilt_sma[6]_upleveltime25 numeric
@attribute audSpec_Rfilt_sma[6]_upleveltime50 numeric
@attribute audSpec_Rfilt_sma[6]_upleveltime75 numeric
@attribute audSpec_Rfilt_sma[6]_upleveltime90 numeric
@attribute audSpec_Rfilt_sma[6]_risetime numeric
@attribute audSpec_Rfilt_sma[6]_leftctime numeric
@attribute audSpec_Rfilt_sma[6]_lpgain numeric
@attribute audSpec_Rfilt_sma[6]_lpc0 numeric
@attribute audSpec_Rfilt_sma[6]_lpc1 numeric
@attribute audSpec_Rfilt_sma[6]_lpc2 numeric
@attribute audSpec_Rfilt_sma[6]_lpc3 numeric
@attribute audSpec_Rfilt_sma[6]_lpc4 numeric
@attribute audSpec_Rfilt_sma[7]_range numeric
@attribute audSpec_Rfilt_sma[7]_maxPos numeric
@attribute audSpec_Rfilt_sma[7]_minPos numeric
@attribute audSpec_Rfilt_sma[7]_quartile1 numeric
@attribute audSpec_Rfilt_sma[7]_quartile2 numeric
@attribute audSpec_Rfilt_sma[7]_quartile3 numeric
@attribute audSpec_Rfilt_sma[7]_iqr1-2 numeric
@attribute audSpec_Rfilt_sma[7]_iqr2-3 numeric
@attribute audSpec_Rfilt_sma[7]_iqr1-3 numeric
@attribute audSpec_Rfilt_sma[7]_percentile1.0 numeric
@attribute audSpec_Rfilt_sma[7]_percentile99.0 numeric
@attribute audSpec_Rfilt_sma[7]_pctlrange0-1 numeric
@attribute audSpec_Rfilt_sma[7]_stddev numeric
@attribute audSpec_Rfilt_sma[7]_skewness numeric
@attribute audSpec_Rfilt_sma[7]_kurtosis numeric
@attribute audSpec_Rfilt_sma[7]_meanSegLen numeric
@attribute audSpec_Rfilt_sma[7]_maxSegLen numeric
@attribute audSpec_Rfilt_sma[7]_minSegLen numeric
@attribute audSpec_Rfilt_sma[7]_segLenStddev numeric
@attribute audSpec_Rfilt_sma[7]_upleveltime25 numeric
@attribute audSpec_Rfilt_sma[7]_upleveltime50 numeric
@attribute audSpec_Rfilt_sma[7]_upleveltime75 numeric
@attribute audSpec_Rfilt_sma[7]_upleveltime90 numeric
@attribute audSpec_Rfilt_sma[7]_risetime numeric
@attribute audSpec_Rfilt_sma[7]_leftctime numeric
@attribute audSpec_Rfilt_sma[7]_lpgain numeric
@attribute audSpec_Rfilt_sma[7]_lpc0 numeric
@attribute audSpec_Rfilt_sma[7]_lpc1 numeric
@attribute audSpec_Rfilt_sma[7]_lpc2 numeric
@attribute audSpec_Rfilt_sma[7]_lpc3 numeric
@attribute audSpec_Rfilt_sma[7]_lpc4 numeric
@attribute audSpec_Rfilt_sma[8]_range numeric
@attribute audSpec_Rfilt_sma[8]_maxPos numeric
@attribute audSpec_Rfilt_sma[8]_minPos numeric
@attribute audSpec_Rfilt_sma[8]_quartile1 numeric
@attribute audSpec_Rfilt_sma[8]_quartile2 numeric
@attribute audSpec_Rfilt_sma[8]_quartile3 numeric
@attribute audSpec_Rfilt_sma[8]_iqr1-2 numeric
@attribute audSpec_Rfilt_sma[8]_iqr2-3 numeric
@attribute audSpec_Rfilt_sma[8]_iqr1-3 numeric
@attribute audSpec_Rfilt_sma[8]_percentile1.0 numeric
@attribute audSpec_Rfilt_sma[8]_percentile99.0 numeric
@attribute audSpec_Rfilt_sma[8]_pctlrange0-1 numeric
@attribute audSpec_Rfilt_sma[8]_stddev numeric
@attribute audSpec_Rfilt_sma[8]_skewness numeric
@attribute audSpec_Rfilt_sma[8]_kurtosis numeric
@attribute audSpec_Rfilt_sma[8]_meanSegLen numeric
@attribute audSpec_Rfilt_sma[8]_maxSegLen numeric
@attribute audSpec_Rfilt_sma[8]_minSegLen numeric
@attribute audSpec_Rfilt_sma[8]_segLenStddev numeric
@attribute audSpec_Rfilt_sma[8]_upleveltime25 numeric
@attribute audSpec_Rfilt_sma[8]_upleveltime50 numeric
@attribute audSpec_Rfilt_sma[8]_upleveltime75 numeric
@attribute audSpec_Rfilt_sma[8]_upleveltime90 numeric
@attribute audSpec_Rfilt_sma[8]_risetime numeric
@attribute audSpec_Rfilt_sma[8]_leftctime numeric
@attribute audSpec_Rfilt_sma[8]_lpgain numeric
@attribute audSpec_Rfilt_sma[8]_lpc0 numeric
@attribute audSpec_Rfilt_sma[8]_lpc1 numeric
@attribute audSpec_Rfilt_sma[8]_lpc2 numeric
@attribute audSpec_Rfilt_sma[8]_lpc3 numeric
@attribute audSpec_Rfilt_sma[8]_lpc4 numeric
@attribute audSpec_Rfilt_sma[9]_range numeric
@attribute audSpec_Rfilt_sma[9]_maxPos numeric
@attribute audSpec_Rfilt_sma[9]_minPos numeric
@attribute audSpec_Rfilt_sma[9]_quartile1 numeric
@attribute audSpec_Rfilt_sma[9]_quartile2 numeric
@attribute audSpec_Rfilt_sma[9]_quartile3 numeric
@attribute audSpec_Rfilt_sma[9]_iqr1-2 numeric
@attribute audSpec_Rfilt_sma[9]_iqr2-3 numeric
@attribute audSpec_Rfilt_sma[9]_iqr1-3 numeric
@attribute audSpec_Rfilt_sma[9]_percentile1.0 numeric
@attribute audSpec_Rfilt_sma[9]_percentile99.0 numeric
@attribute audSpec_Rfilt_sma[9]_pctlrange0-1 numeric
@attribute audSpec_Rfilt_sma[9]_stddev numeric
@attribute audSpec_Rfilt_sma[9]_skewness numeric
@attribute audSpec_Rfilt_sma[9]_kurtosis numeric
@attribute audSpec_Rfilt_sma[9]_meanSegLen numeric
@attribute audSpec_Rfilt_sma[9]_maxSegLen numeric
@attribute audSpec_Rfilt_sma[9]_minSegLen numeric
@attribute audSpec_Rfilt_sma[9]_segLenStddev numeric
@attribute audSpec_Rfilt_sma[9]_upleveltime25 numeric
@attribute audSpec_Rfilt_sma[9]_upleveltime50 numeric
@attribute audSpec_Rfilt_sma[9]_upleveltime75 numeric
@attribute audSpec_Rfilt_sma[9]_upleveltime90 numeric
@attribute audSpec_Rfilt_sma[9]_risetime numeric
@attribute audSpec_Rfilt_sma[9]_leftctime numeric
@attribute audSpec_Rfilt_sma[9]_lpgain numeric
@attribute audSpec_Rfilt_sma[9]_lpc0 numeric
@attribute audSpec_Rfilt_sma[9]_lpc1 numeric
@attribute audSpec_Rfilt_sma[9]_lpc2 numeric
@attribute audSpec_Rfilt_sma[9]_lpc3 numeric
@attribute audSpec_Rfilt_sma[9]_lpc4 numeric
@attribute audSpec_Rfilt_sma[10]_range numeric
@attribute audSpec_Rfilt_sma[10]_maxPos numeric
@attribute audSpec_Rfilt_sma[10]_minPos numeric
@attribute audSpec_Rfilt_sma[10]_quartile1 numeric
@attribute audSpec_Rfilt_sma[10]_quartile2 numeric
@attribute audSpec_Rfilt_sma[10]_quartile3 numeric
@attribute audSpec_Rfilt_sma[10]_iqr1-2 numeric
@attribute audSpec_Rfilt_sma[10]_iqr2-3 numeric
@attribute audSpec_Rfilt_sma[10]_iqr1-3 numeric
@attribute audSpec_Rfilt_sma[10]_percentile1.0 numeric
@attribute audSpec_Rfilt_sma[10]_percentile99.0 numeric
@attribute audSpec_Rfilt_sma[10]_pctlrange0-1 numeric
@attribute audSpec_Rfilt_sma[10]_stddev numeric
@attribute audSpec_Rfilt_sma[10]_skewness numeric
@attribute audSpec_Rfilt_sma[10]_kurtosis numeric
@attribute audSpec_Rfilt_sma[10]_meanSegLen numeric
@attribute audSpec_Rfilt_sma[10]_maxSegLen numeric
@attribute audSpec_Rfilt_sma[10]_minSegLen numeric
@attribute audSpec_Rfilt_sma[10]_segLenStddev numeric
@attribute audSpec_Rfilt_sma[10]_upleveltime25 numeric
@attribute audSpec_Rfilt_sma[10]_upleveltime50 numeric
@attribute audSpec_Rfilt_sma[10]_upleveltime75 numeric
@attribute audSpec_Rfilt_sma[10]_upleveltime90 numeric
@attribute audSpec_Rfilt_sma[10]_risetime numeric
@attribute audSpec_Rfilt_sma[10]_leftctime numeric
@attribute audSpec_Rfilt_sma[10]_lpgain numeric
@attribute audSpec_Rfilt_sma[10]_lpc0 numeric
@attribute audSpec_Rfilt_sma[10]_lpc1 numeric
@attribute audSpec_Rfilt_sma[10]_lpc2 numeric
@attribute audSpec_Rfilt_sma[10]_lpc3 numeric
@attribute audSpec_Rfilt_sma[10]_lpc4 numeric
@attribute audSpec_Rfilt_sma[11]_range numeric
@attribute audSpec_Rfilt_sma[11]_maxPos numeric
@attribute audSpec_Rfilt_sma[11]_minPos numeric
@attribute audSpec_Rfilt_sma[11]_quartile1 numeric
@attribute audSpec_Rfilt_sma[11]_quartile2 numeric
@attribute audSpec_Rfilt_sma[11]_quartile3 numeric
@attribute audSpec_Rfilt_sma[11]_iqr1-2 numeric
@attribute audSpec_Rfilt_sma[11]_iqr2-3 numeric
@attribute audSpec_Rfilt_sma[11]_iqr1-3 numeric
@attribute audSpec_Rfilt_sma[11]_percentile1.0 numeric
@attribute audSpec_Rfilt_sma[11]_percentile99.0 numeric
@attribute audSpec_Rfilt_sma[11]_pctlrange0-1 numeric
@attribute audSpec_Rfilt_sma[11]_stddev numeric
@attribute audSpec_Rfilt_sma[11]_skewness numeric
@attribute audSpec_Rfilt_sma[11]_kurtosis numeric
@attribute audSpec_Rfilt_sma[11]_meanSegLen numeric
@attribute audSpec_Rfilt_sma[11]_maxSegLen numeric
@attribute audSpec_Rfilt_sma[11]_minSegLen numeric
@attribute audSpec_Rfilt_sma[11]_segLenStddev numeric
@attribute audSpec_Rfilt_sma[11]_upleveltime25 numeric
@attribute audSpec_Rfilt_sma[11]_upleveltime50 numeric
@attribute audSpec_Rfilt_sma[11]_upleveltime75 numeric
@attribute audSpec_Rfilt_sma[11]_upleveltime90 numeric
@attribute audSpec_Rfilt_sma[11]_risetime numeric
@attribute audSpec_Rfilt_sma[11]_leftctime numeric
@attribute audSpec_Rfilt_sma[11]_lpgain numeric
@attribute audSpec_Rfilt_sma[11]_lpc0 numeric
@attribute audSpec_Rfilt_sma[11]_lpc1 numeric
@attribute audSpec_Rfilt_sma[11]_lpc2 numeric
@attribute audSpec_Rfilt_sma[11]_lpc3 numeric
@attribute audSpec_Rfilt_sma[11]_lpc4 numeric
@attribute audSpec_Rfilt_sma[12]_range numeric
@attribute audSpec_Rfilt_sma[12]_maxPos numeric
@attribute audSpec_Rfilt_sma[12]_minPos numeric
@attribute audSpec_Rfilt_sma[12]_quartile1 numeric
@attribute audSpec_Rfilt_sma[12]_quartile2 numeric
@attribute audSpec_Rfilt_sma[12]_quartile3 numeric
@attribute audSpec_Rfilt_sma[12]_iqr1-2 numeric
@attribute audSpec_Rfilt_sma[12]_iqr2-3 numeric
@attribute audSpec_Rfilt_sma[12]_iqr1-3 numeric
@attribute audSpec_Rfilt_sma[12]_percentile1.0 numeric
@attribute audSpec_Rfilt_sma[12]_percentile99.0 numeric
@attribute audSpec_Rfilt_sma[12]_pctlrange0-1 numeric
@attribute audSpec_Rfilt_sma[12]_stddev numeric
@attribute audSpec_Rfilt_sma[12]_skewness numeric
@attribute audSpec_Rfilt_sma[12]_kurtosis numeric
@attribute audSpec_Rfilt_sma[12]_meanSegLen numeric
@attribute audSpec_Rfilt_sma[12]_maxSegLen numeric
@attribute audSpec_Rfilt_sma[12]_minSegLen numeric
@attribute audSpec_Rfilt_sma[12]_segLenStddev numeric
@attribute audSpec_Rfilt_sma[12]_upleveltime25 numeric
@attribute audSpec_Rfilt_sma[12]_upleveltime50 numeric
@attribute audSpec_Rfilt_sma[12]_upleveltime75 numeric
@attribute audSpec_Rfilt_sma[12]_upleveltime90 numeric
@attribute audSpec_Rfilt_sma[12]_risetime numeric
@attribute audSpec_Rfilt_sma[12]_leftctime numeric
@attribute audSpec_Rfilt_sma[12]_lpgain numeric
@attribute audSpec_Rfilt_sma[12]_lpc0 numeric
@attribute audSpec_Rfilt_sma[12]_lpc1 numeric
@attribute audSpec_Rfilt_sma[12]_lpc2 numeric
@attribute audSpec_Rfilt_sma[12]_lpc3 numeric
@attribute audSpec_Rfilt_sma[12]_lpc4 numeric
@attribute audSpec_Rfilt_sma[13]_range numeric
@attribute audSpec_Rfilt_sma[13]_maxPos numeric
@attribute audSpec_Rfilt_sma[13]_minPos numeric
@attribute audSpec_Rfilt_sma[13]_quartile1 numeric
@attribute audSpec_Rfilt_sma[13]_quartile2 numeric
@attribute audSpec_Rfilt_sma[13]_quartile3 numeric
@attribute audSpec_Rfilt_sma[13]_iqr1-2 numeric
@attribute audSpec_Rfilt_sma[13]_iqr2-3 numeric
@attribute audSpec_Rfilt_sma[13]_iqr1-3 numeric
@attribute audSpec_Rfilt_sma[13]_percentile1.0 numeric
@attribute audSpec_Rfilt_sma[13]_percentile99.0 numeric
@attribute audSpec_Rfilt_sma[13]_pctlrange0-1 numeric
@attribute audSpec_Rfilt_sma[13]_stddev numeric
@attribute audSpec_Rfilt_sma[13]_skewness numeric
@attribute audSpec_Rfilt_sma[13]_kurtosis numeric
@attribute audSpec_Rfilt_sma[13]_meanSegLen numeric
@attribute audSpec_Rfilt_sma[13]_maxSegLen numeric
@attribute audSpec_Rfilt_sma[13]_minSegLen numeric
@attribute audSpec_Rfilt_sma[13]_segLenStddev numeric
@attribute audSpec_Rfilt_sma[13]_upleveltime25 numeric
@attribute audSpec_Rfilt_sma[13]_upleveltime50 numeric
@attribute audSpec_Rfilt_sma[13]_upleveltime75 numeric
@attribute audSpec_Rfilt_sma[13]_upleveltime90 numeric
@attribute audSpec_Rfilt_sma[13]_risetime numeric
@attribute audSpec_Rfilt_sma[13]_leftctime numeric
@attribute audSpec_Rfilt_sma[13]_lpgain numeric
@attribute audSpec_Rfilt_sma[13]_lpc0 numeric
@attribute audSpec_Rfilt_sma[13]_lpc1 numeric
@attribute audSpec_Rfilt_sma[13]_lpc2 numeric
@attribute audSpec_Rfilt_sma[13]_lpc3 numeric
@attribute audSpec_Rfilt_sma[13]_lpc4 numeric
@attribute audSpec_Rfilt_sma[14]_range numeric
@attribute audSpec_Rfilt_sma[14]_maxPos numeric
@attribute audSpec_Rfilt_sma[14]_minPos numeric
@attribute audSpec_Rfilt_sma[14]_quartile1 numeric
@attribute audSpec_Rfilt_sma[14]_quartile2 numeric
@attribute audSpec_Rfilt_sma[14]_quartile3 numeric
@attribute audSpec_Rfilt_sma[14]_iqr1-2 numeric
@attribute audSpec_Rfilt_sma[14]_iqr2-3 numeric
@attribute audSpec_Rfilt_sma[14]_iqr1-3 numeric
@attribute audSpec_Rfilt_sma[14]_percentile1.0 numeric
@attribute audSpec_Rfilt_sma[14]_percentile99.0 numeric
@attribute audSpec_Rfilt_sma[14]_pctlrange0-1 numeric
@attribute audSpec_Rfilt_sma[14]_stddev numeric
@attribute audSpec_Rfilt_sma[14]_skewness numeric
@attribute audSpec_Rfilt_sma[14]_kurtosis numeric
@attribute audSpec_Rfilt_sma[14]_meanSegLen numeric
@attribute audSpec_Rfilt_sma[14]_maxSegLen numeric
@attribute audSpec_Rfilt_sma[14]_minSegLen numeric
@attribute audSpec_Rfilt_sma[14]_segLenStddev numeric
@attribute audSpec_Rfilt_sma[14]_upleveltime25 numeric
@attribute audSpec_Rfilt_sma[14]_upleveltime50 numeric
@attribute audSpec_Rfilt_sma[14]_upleveltime75 numeric
@attribute audSpec_Rfilt_sma[14]_upleveltime90 numeric
@attribute audSpec_Rfilt_sma[14]_risetime numeric
@attribute audSpec_Rfilt_sma[14]_leftctime numeric
@attribute audSpec_Rfilt_sma[14]_lpgain numeric
@attribute audSpec_Rfilt_sma[14]_lpc0 numeric
@attribute audSpec_Rfilt_sma[14]_lpc1 numeric
@attribute audSpec_Rfilt_sma[14]_lpc2 numeric
@attribute audSpec_Rfilt_sma[14]_lpc3 numeric
@attribute audSpec_Rfilt_sma[14]_lpc4 numeric
@attribute audSpec_Rfilt_sma[15]_range numeric
@attribute audSpec_Rfilt_sma[15]_maxPos numeric
@attribute audSpec_Rfilt_sma[15]_minPos numeric
@attribute audSpec_Rfilt_sma[15]_quartile1 numeric
@attribute audSpec_Rfilt_sma[15]_quartile2 numeric
@attribute audSpec_Rfilt_sma[15]_quartile3 numeric
@attribute audSpec_Rfilt_sma[15]_iqr1-2 numeric
@attribute audSpec_Rfilt_sma[15]_iqr2-3 numeric
@attribute audSpec_Rfilt_sma[15]_iqr1-3 numeric
@attribute audSpec_Rfilt_sma[15]_percentile1.0 numeric
@attribute audSpec_Rfilt_sma[15]_percentile99.0 numeric
@attribute audSpec_Rfilt_sma[15]_pctlrange0-1 numeric
@attribute audSpec_Rfilt_sma[15]_stddev numeric
@attribute audSpec_Rfilt_sma[15]_skewness numeric
@attribute audSpec_Rfilt_sma[15]_kurtosis numeric
@attribute audSpec_Rfilt_sma[15]_meanSegLen numeric
@attribute audSpec_Rfilt_sma[15]_maxSegLen numeric
@attribute audSpec_Rfilt_sma[15]_minSegLen numeric
@attribute audSpec_Rfilt_sma[15]_segLenStddev numeric
@attribute audSpec_Rfilt_sma[15]_upleveltime25 numeric
@attribute audSpec_Rfilt_sma[15]_upleveltime50 numeric
@attribute audSpec_Rfilt_sma[15]_upleveltime75 numeric
@attribute audSpec_Rfilt_sma[15]_upleveltime90 numeric
@attribute audSpec_Rfilt_sma[15]_risetime numeric
@attribute audSpec_Rfilt_sma[15]_leftctime numeric
@attribute audSpec_Rfilt_sma[15]_lpgain numeric
@attribute audSpec_Rfilt_sma[15]_lpc0 numeric
@attribute audSpec_Rfilt_sma[15]_lpc1 numeric
@attribute audSpec_Rfilt_sma[15]_lpc2 numeric
@attribute audSpec_Rfilt_sma[15]_lpc3 numeric
@attribute audSpec_Rfilt_sma[15]_lpc4 numeric
@attribute audSpec_Rfilt_sma[16]_range numeric
@attribute audSpec_Rfilt_sma[16]_maxPos numeric
@attribute audSpec_Rfilt_sma[16]_minPos numeric
@attribute audSpec_Rfilt_sma[16]_quartile1 numeric
@attribute audSpec_Rfilt_sma[16]_quartile2 numeric
@attribute audSpec_Rfilt_sma[16]_quartile3 numeric
@attribute audSpec_Rfilt_sma[16]_iqr1-2 numeric
@attribute audSpec_Rfilt_sma[16]_iqr2-3 numeric
@attribute audSpec_Rfilt_sma[16]_iqr1-3 numeric
@attribute audSpec_Rfilt_sma[16]_percentile1.0 numeric
@attribute audSpec_Rfilt_sma[16]_percentile99.0 numeric
@attribute audSpec_Rfilt_sma[16]_pctlrange0-1 numeric
@attribute audSpec_Rfilt_sma[16]_stddev numeric
@attribute audSpec_Rfilt_sma[16]_skewness numeric
@attribute audSpec_Rfilt_sma[16]_kurtosis numeric
@attribute audSpec_Rfilt_sma[16]_meanSegLen numeric
@attribute audSpec_Rfilt_sma[16]_maxSegLen numeric
@attribute audSpec_Rfilt_sma[16]_minSegLen numeric
@attribute audSpec_Rfilt_sma[16]_segLenStddev numeric
@attribute audSpec_Rfilt_sma[16]_upleveltime25 numeric
@attribute audSpec_Rfilt_sma[16]_upleveltime50 numeric
@attribute audSpec_Rfilt_sma[16]_upleveltime75 numeric
@attribute audSpec_Rfilt_sma[16]_upleveltime90 numeric
@attribute audSpec_Rfilt_sma[16]_risetime numeric
@attribute audSpec_Rfilt_sma[16]_leftctime numeric
@attribute audSpec_Rfilt_sma[16]_lpgain numeric
@attribute audSpec_Rfilt_sma[16]_lpc0 numeric
@attribute audSpec_Rfilt_sma[16]_lpc1 numeric
@attribute audSpec_Rfilt_sma[16]_lpc2 numeric
@attribute audSpec_Rfilt_sma[16]_lpc3 numeric
@attribute audSpec_Rfilt_sma[16]_lpc4 numeric
@attribute audSpec_Rfilt_sma[17]_range numeric
@attribute audSpec_Rfilt_sma[17]_maxPos numeric
@attribute audSpec_Rfilt_sma[17]_minPos numeric
@attribute audSpec_Rfilt_sma[17]_quartile1 numeric
@attribute audSpec_Rfilt_sma[17]_quartile2 numeric
@attribute audSpec_Rfilt_sma[17]_quartile3 numeric
@attribute audSpec_Rfilt_sma[17]_iqr1-2 numeric
@attribute audSpec_Rfilt_sma[17]_iqr2-3 numeric
@attribute audSpec_Rfilt_sma[17]_iqr1-3 numeric
@attribute audSpec_Rfilt_sma[17]_percentile1.0 numeric
@attribute audSpec_Rfilt_sma[17]_percentile99.0 numeric
@attribute audSpec_Rfilt_sma[17]_pctlrange0-1 numeric
@attribute audSpec_Rfilt_sma[17]_stddev numeric
@attribute audSpec_Rfilt_sma[17]_skewness numeric
@attribute audSpec_Rfilt_sma[17]_kurtosis numeric
@attribute audSpec_Rfilt_sma[17]_meanSegLen numeric
@attribute audSpec_Rfilt_sma[17]_maxSegLen numeric
@attribute audSpec_Rfilt_sma[17]_minSegLen numeric
@attribute audSpec_Rfilt_sma[17]_segLenStddev numeric
@attribute audSpec_Rfilt_sma[17]_upleveltime25 numeric
@attribute audSpec_Rfilt_sma[17]_upleveltime50 numeric
@attribute audSpec_Rfilt_sma[17]_upleveltime75 numeric
@attribute audSpec_Rfilt_sma[17]_upleveltime90 numeric
@attribute audSpec_Rfilt_sma[17]_risetime numeric
@attribute audSpec_Rfilt_sma[17]_leftctime numeric
@attribute audSpec_Rfilt_sma[17]_lpgain numeric
@attribute audSpec_Rfilt_sma[17]_lpc0 numeric
@attribute audSpec_Rfilt_sma[17]_lpc1 numeric
@attribute audSpec_Rfilt_sma[17]_lpc2 numeric
@attribute audSpec_Rfilt_sma[17]_lpc3 numeric
@attribute audSpec_Rfilt_sma[17]_lpc4 numeric
@attribute audSpec_Rfilt_sma[18]_range numeric
@attribute audSpec_Rfilt_sma[18]_maxPos numeric
@attribute audSpec_Rfilt_sma[18]_minPos numeric
@attribute audSpec_Rfilt_sma[18]_quartile1 numeric
@attribute audSpec_Rfilt_sma[18]_quartile2 numeric
@attribute audSpec_Rfilt_sma[18]_quartile3 numeric
@attribute audSpec_Rfilt_sma[18]_iqr1-2 numeric
@attribute audSpec_Rfilt_sma[18]_iqr2-3 numeric
@attribute audSpec_Rfilt_sma[18]_iqr1-3 numeric
@attribute audSpec_Rfilt_sma[18]_percentile1.0 numeric
@attribute audSpec_Rfilt_sma[18]_percentile99.0 numeric
@attribute audSpec_Rfilt_sma[18]_pctlrange0-1 numeric
@attribute audSpec_Rfilt_sma[18]_stddev numeric
@attribute audSpec_Rfilt_sma[18]_skewness numeric
@attribute audSpec_Rfilt_sma[18]_kurtosis numeric
@attribute audSpec_Rfilt_sma[18]_meanSegLen numeric
@attribute audSpec_Rfilt_sma[18]_maxSegLen numeric
@attribute audSpec_Rfilt_sma[18]_minSegLen numeric
@attribute audSpec_Rfilt_sma[18]_segLenStddev numeric
@attribute audSpec_Rfilt_sma[18]_upleveltime25 numeric
@attribute audSpec_Rfilt_sma[18]_upleveltime50 numeric
@attribute audSpec_Rfilt_sma[18]_upleveltime75 numeric
@attribute audSpec_Rfilt_sma[18]_upleveltime90 numeric
@attribute audSpec_Rfilt_sma[18]_risetime numeric
@attribute audSpec_Rfilt_sma[18]_leftctime numeric
@attribute audSpec_Rfilt_sma[18]_lpgain numeric
@attribute audSpec_Rfilt_sma[18]_lpc0 numeric
@attribute audSpec_Rfilt_sma[18]_lpc1 numeric
@attribute audSpec_Rfilt_sma[18]_lpc2 numeric
@attribute audSpec_Rfilt_sma[18]_lpc3 numeric
@attribute audSpec_Rfilt_sma[18]_lpc4 numeric
@attribute audSpec_Rfilt_sma[19]_range numeric
@attribute audSpec_Rfilt_sma[19]_maxPos numeric
@attribute audSpec_Rfilt_sma[19]_minPos numeric
@attribute audSpec_Rfilt_sma[19]_quartile1 numeric
@attribute audSpec_Rfilt_sma[19]_quartile2 numeric
@attribute audSpec_Rfilt_sma[19]_quartile3 numeric
@attribute audSpec_Rfilt_sma[19]_iqr1-2 numeric
@attribute audSpec_Rfilt_sma[19]_iqr2-3 numeric
@attribute audSpec_Rfilt_sma[19]_iqr1-3 numeric
@attribute audSpec_Rfilt_sma[19]_percentile1.0 numeric
@attribute audSpec_Rfilt_sma[19]_percentile99.0 numeric
@attribute audSpec_Rfilt_sma[19]_pctlrange0-1 numeric
@attribute audSpec_Rfilt_sma[19]_stddev numeric
@attribute audSpec_Rfilt_sma[19]_skewness numeric
@attribute audSpec_Rfilt_sma[19]_kurtosis numeric
@attribute audSpec_Rfilt_sma[19]_meanSegLen numeric
@attribute audSpec_Rfilt_sma[19]_maxSegLen numeric
@attribute audSpec_Rfilt_sma[19]_minSegLen numeric
@attribute audSpec_Rfilt_sma[19]_segLenStddev numeric
@attribute audSpec_Rfilt_sma[19]_upleveltime25 numeric
@attribute audSpec_Rfilt_sma[19]_upleveltime50 numeric
@attribute audSpec_Rfilt_sma[19]_upleveltime75 numeric
@attribute audSpec_Rfilt_sma[19]_upleveltime90 numeric
@attribute audSpec_Rfilt_sma[19]_risetime numeric
@attribute audSpec_Rfilt_sma[19]_leftctime numeric
@attribute audSpec_Rfilt_sma[19]_lpgain numeric
@attribute audSpec_Rfilt_sma[19]_lpc0 numeric
@attribute audSpec_Rfilt_sma[19]_lpc1 numeric
@attribute audSpec_Rfilt_sma[19]_lpc2 numeric
@attribute audSpec_Rfilt_sma[19]_lpc3 numeric
@attribute audSpec_Rfilt_sma[19]_lpc4 numeric
@attribute audSpec_Rfilt_sma[20]_range numeric
@attribute audSpec_Rfilt_sma[20]_maxPos numeric
@attribute audSpec_Rfilt_sma[20]_minPos numeric
@attribute audSpec_Rfilt_sma[20]_quartile1 numeric
@attribute audSpec_Rfilt_sma[20]_quartile2 numeric
@attribute audSpec_Rfilt_sma[20]_quartile3 numeric
@attribute audSpec_Rfilt_sma[20]_iqr1-2 numeric
@attribute audSpec_Rfilt_sma[20]_iqr2-3 numeric
@attribute audSpec_Rfilt_sma[20]_iqr1-3 numeric
@attribute audSpec_Rfilt_sma[20]_percentile1.0 numeric
@attribute audSpec_Rfilt_sma[20]_percentile99.0 numeric
@attribute audSpec_Rfilt_sma[20]_pctlrange0-1 numeric
@attribute audSpec_Rfilt_sma[20]_stddev numeric
@attribute audSpec_Rfilt_sma[20]_skewness numeric
@attribute audSpec_Rfilt_sma[20]_kurtosis numeric
@attribute audSpec_Rfilt_sma[20]_meanSegLen numeric
@attribute audSpec_Rfilt_sma[20]_maxSegLen numeric
@attribute audSpec_Rfilt_sma[20]_minSegLen numeric
@attribute audSpec_Rfilt_sma[20]_segLenStddev numeric
@attribute audSpec_Rfilt_sma[20]_upleveltime25 numeric
@attribute audSpec_Rfilt_sma[20]_upleveltime50 numeric
@attribute audSpec_Rfilt_sma[20]_upleveltime75 numeric
@attribute audSpec_Rfilt_sma[20]_upleveltime90 numeric
@attribute audSpec_Rfilt_sma[20]_risetime numeric
@attribute audSpec_Rfilt_sma[20]_leftctime numeric
@attribute audSpec_Rfilt_sma[20]_lpgain numeric
@attribute audSpec_Rfilt_sma[20]_lpc0 numeric
@attribute audSpec_Rfilt_sma[20]_lpc1 numeric
@attribute audSpec_Rfilt_sma[20]_lpc2 numeric
@attribute audSpec_Rfilt_sma[20]_lpc3 numeric
@attribute audSpec_Rfilt_sma[20]_lpc4 numeric
@attribute audSpec_Rfilt_sma[21]_range numeric
@attribute audSpec_Rfilt_sma[21]_maxPos numeric
@attribute audSpec_Rfilt_sma[21]_minPos numeric
@attribute audSpec_Rfilt_sma[21]_quartile1 numeric
@attribute audSpec_Rfilt_sma[21]_quartile2 numeric
@attribute audSpec_Rfilt_sma[21]_quartile3 numeric
@attribute audSpec_Rfilt_sma[21]_iqr1-2 numeric
@attribute audSpec_Rfilt_sma[21]_iqr2-3 numeric
@attribute audSpec_Rfilt_sma[21]_iqr1-3 numeric
@attribute audSpec_Rfilt_sma[21]_percentile1.0 numeric
@attribute audSpec_Rfilt_sma[21]_percentile99.0 numeric
@attribute audSpec_Rfilt_sma[21]_pctlrange0-1 numeric
@attribute audSpec_Rfilt_sma[21]_stddev numeric
@attribute audSpec_Rfilt_sma[21]_skewness numeric
@attribute audSpec_Rfilt_sma[21]_kurtosis numeric
@attribute audSpec_Rfilt_sma[21]_meanSegLen numeric
@attribute audSpec_Rfilt_sma[21]_maxSegLen numeric
@attribute audSpec_Rfilt_sma[21]_minSegLen numeric
@attribute audSpec_Rfilt_sma[21]_segLenStddev numeric
@attribute audSpec_Rfilt_sma[21]_upleveltime25 numeric
@attribute audSpec_Rfilt_sma[21]_upleveltime50 numeric
@attribute audSpec_Rfilt_sma[21]_upleveltime75 numeric
@attribute audSpec_Rfilt_sma[21]_upleveltime90 numeric
@attribute audSpec_Rfilt_sma[21]_risetime numeric
@attribute audSpec_Rfilt_sma[21]_leftctime numeric
@attribute audSpec_Rfilt_sma[21]_lpgain numeric
@attribute audSpec_Rfilt_sma[21]_lpc0 numeric
@attribute audSpec_Rfilt_sma[21]_lpc1 numeric
@attribute audSpec_Rfilt_sma[21]_lpc2 numeric
@attribute audSpec_Rfilt_sma[21]_lpc3 numeric
@attribute audSpec_Rfilt_sma[21]_lpc4 numeric
@attribute audSpec_Rfilt_sma[22]_range numeric
@attribute audSpec_Rfilt_sma[22]_maxPos numeric
@attribute audSpec_Rfilt_sma[22]_minPos numeric
@attribute audSpec_Rfilt_sma[22]_quartile1 numeric
@attribute audSpec_Rfilt_sma[22]_quartile2 numeric
@attribute audSpec_Rfilt_sma[22]_quartile3 numeric
@attribute audSpec_Rfilt_sma[22]_iqr1-2 numeric
@attribute audSpec_Rfilt_sma[22]_iqr2-3 numeric
@attribute audSpec_Rfilt_sma[22]_iqr1-3 numeric
@attribute audSpec_Rfilt_sma[22]_percentile1.0 numeric
@attribute audSpec_Rfilt_sma[22]_percentile99.0 numeric
@attribute audSpec_Rfilt_sma[22]_pctlrange0-1 numeric
@attribute audSpec_Rfilt_sma[22]_stddev numeric
@attribute audSpec_Rfilt_sma[22]_skewness numeric
@attribute audSpec_Rfilt_sma[22]_kurtosis numeric
@attribute audSpec_Rfilt_sma[22]_meanSegLen numeric
@attribute audSpec_Rfilt_sma[22]_maxSegLen numeric
@attribute audSpec_Rfilt_sma[22]_minSegLen numeric
@attribute audSpec_Rfilt_sma[22]_segLenStddev numeric
@attribute audSpec_Rfilt_sma[22]_upleveltime25 numeric
@attribute audSpec_Rfilt_sma[22]_upleveltime50 numeric
@attribute audSpec_Rfilt_sma[22]_upleveltime75 numeric
@attribute audSpec_Rfilt_sma[22]_upleveltime90 numeric
@attribute audSpec_Rfilt_sma[22]_risetime numeric
@attribute audSpec_Rfilt_sma[22]_leftctime numeric
@attribute audSpec_Rfilt_sma[22]_lpgain numeric
@attribute audSpec_Rfilt_sma[22]_lpc0 numeric
@attribute audSpec_Rfilt_sma[22]_lpc1 numeric
@attribute audSpec_Rfilt_sma[22]_lpc2 numeric
@attribute audSpec_Rfilt_sma[22]_lpc3 numeric
@attribute audSpec_Rfilt_sma[22]_lpc4 numeric
@attribute audSpec_Rfilt_sma[23]_range numeric
@attribute audSpec_Rfilt_sma[23]_maxPos numeric
@attribute audSpec_Rfilt_sma[23]_minPos numeric
@attribute audSpec_Rfilt_sma[23]_quartile1 numeric
@attribute audSpec_Rfilt_sma[23]_quartile2 numeric
@attribute audSpec_Rfilt_sma[23]_quartile3 numeric
@attribute audSpec_Rfilt_sma[23]_iqr1-2 numeric
@attribute audSpec_Rfilt_sma[23]_iqr2-3 numeric
@attribute audSpec_Rfilt_sma[23]_iqr1-3 numeric
@attribute audSpec_Rfilt_sma[23]_percentile1.0 numeric
@attribute audSpec_Rfilt_sma[23]_percentile99.0 numeric
@attribute audSpec_Rfilt_sma[23]_pctlrange0-1 numeric
@attribute audSpec_Rfilt_sma[23]_stddev numeric
@attribute audSpec_Rfilt_sma[23]_skewness numeric
@attribute audSpec_Rfilt_sma[23]_kurtosis numeric
@attribute audSpec_Rfilt_sma[23]_meanSegLen numeric
@attribute audSpec_Rfilt_sma[23]_maxSegLen numeric
@attribute audSpec_Rfilt_sma[23]_minSegLen numeric
@attribute audSpec_Rfilt_sma[23]_segLenStddev numeric
@attribute audSpec_Rfilt_sma[23]_upleveltime25 numeric
@attribute audSpec_Rfilt_sma[23]_upleveltime50 numeric
@attribute audSpec_Rfilt_sma[23]_upleveltime75 numeric
@attribute audSpec_Rfilt_sma[23]_upleveltime90 numeric
@attribute audSpec_Rfilt_sma[23]_risetime numeric
@attribute audSpec_Rfilt_sma[23]_leftctime numeric
@attribute audSpec_Rfilt_sma[23]_lpgain numeric
@attribute audSpec_Rfilt_sma[23]_lpc0 numeric
@attribute audSpec_Rfilt_sma[23]_lpc1 numeric
@attribute audSpec_Rfilt_sma[23]_lpc2 numeric
@attribute audSpec_Rfilt_sma[23]_lpc3 numeric
@attribute audSpec_Rfilt_sma[23]_lpc4 numeric
@attribute audSpec_Rfilt_sma[24]_range numeric
@attribute audSpec_Rfilt_sma[24]_maxPos numeric
@attribute audSpec_Rfilt_sma[24]_minPos numeric
@attribute audSpec_Rfilt_sma[24]_quartile1 numeric
@attribute audSpec_Rfilt_sma[24]_quartile2 numeric
@attribute audSpec_Rfilt_sma[24]_quartile3 numeric
@attribute audSpec_Rfilt_sma[24]_iqr1-2 numeric
@attribute audSpec_Rfilt_sma[24]_iqr2-3 numeric
@attribute audSpec_Rfilt_sma[24]_iqr1-3 numeric
@attribute audSpec_Rfilt_sma[24]_percentile1.0 numeric
@attribute audSpec_Rfilt_sma[24]_percentile99.0 numeric
@attribute audSpec_Rfilt_sma[24]_pctlrange0-1 numeric
@attribute audSpec_Rfilt_sma[24]_stddev numeric
@attribute audSpec_Rfilt_sma[24]_skewness numeric
@attribute audSpec_Rfilt_sma[24]_kurtosis numeric
@attribute audSpec_Rfilt_sma[24]_meanSegLen numeric
@attribute audSpec_Rfilt_sma[24]_maxSegLen numeric
@attribute audSpec_Rfilt_sma[24]_minSegLen numeric
@attribute audSpec_Rfilt_sma[24]_segLenStddev numeric
@attribute audSpec_Rfilt_sma[24]_upleveltime25 numeric
@attribute audSpec_Rfilt_sma[24]_upleveltime50 numeric
@attribute audSpec_Rfilt_sma[24]_upleveltime75 numeric
@attribute audSpec_Rfilt_sma[24]_upleveltime90 numeric
@attribute audSpec_Rfilt_sma[24]_risetime numeric
@attribute audSpec_Rfilt_sma[24]_leftctime numeric
@attribute audSpec_Rfilt_sma[24]_lpgain numeric
@attribute audSpec_Rfilt_sma[24]_lpc0 numeric
@attribute audSpec_Rfilt_sma[24]_lpc1 numeric
@attribute audSpec_Rfilt_sma[24]_lpc2 numeric
@attribute audSpec_Rfilt_sma[24]_lpc3 numeric
@attribute audSpec_Rfilt_sma[24]_lpc4 numeric
@attribute audSpec_Rfilt_sma[25]_range numeric
@attribute audSpec_Rfilt_sma[25]_maxPos numeric
@attribute audSpec_Rfilt_sma[25]_minPos numeric
@attribute audSpec_Rfilt_sma[25]_quartile1 numeric
@attribute audSpec_Rfilt_sma[25]_quartile2 numeric
@attribute audSpec_Rfilt_sma[25]_quartile3 numeric
@attribute audSpec_Rfilt_sma[25]_iqr1-2 numeric
@attribute audSpec_Rfilt_sma[25]_iqr2-3 numeric
@attribute audSpec_Rfilt_sma[25]_iqr1-3 numeric
@attribute audSpec_Rfilt_sma[25]_percentile1.0 numeric
@attribute audSpec_Rfilt_sma[25]_percentile99.0 numeric
@attribute audSpec_Rfilt_sma[25]_pctlrange0-1 numeric
@attribute audSpec_Rfilt_sma[25]_stddev numeric
@attribute audSpec_Rfilt_sma[25]_skewness numeric
@attribute audSpec_Rfilt_sma[25]_kurtosis numeric
@attribute audSpec_Rfilt_sma[25]_meanSegLen numeric
@attribute audSpec_Rfilt_sma[25]_maxSegLen numeric
@attribute audSpec_Rfilt_sma[25]_minSegLen numeric
@attribute audSpec_Rfilt_sma[25]_segLenStddev numeric
@attribute audSpec_Rfilt_sma[25]_upleveltime25 numeric
@attribute audSpec_Rfilt_sma[25]_upleveltime50 numeric
@attribute audSpec_Rfilt_sma[25]_upleveltime75 numeric
@attribute audSpec_Rfilt_sma[25]_upleveltime90 numeric
@attribute audSpec_Rfilt_sma[25]_risetime numeric
@attribute audSpec_Rfilt_sma[25]_leftctime numeric
@attribute audSpec_Rfilt_sma[25]_lpgain numeric
@attribute audSpec_Rfilt_sma[25]_lpc0 numeric
@attribute audSpec_Rfilt_sma[25]_lpc1 numeric
@attribute audSpec_Rfilt_sma[25]_lpc2 numeric
@attribute audSpec_Rfilt_sma[25]_lpc3 numeric
@attribute audSpec_Rfilt_sma[25]_lpc4 numeric
@attribute pcm_fftMag_fband250-650_sma_range numeric
@attribute pcm_fftMag_fband250-650_sma_maxPos numeric
@attribute pcm_fftMag_fband250-650_sma_minPos numeric
@attribute pcm_fftMag_fband250-650_sma_quartile1 numeric
@attribute pcm_fftMag_fband250-650_sma_quartile2 numeric
@attribute pcm_fftMag_fband250-650_sma_quartile3 numeric
@attribute pcm_fftMag_fband250-650_sma_iqr1-2 numeric
@attribute pcm_fftMag_fband250-650_sma_iqr2-3 numeric
@attribute pcm_fftMag_fband250-650_sma_iqr1-3 numeric
@attribute pcm_fftMag_fband250-650_sma_percentile1.0 numeric
@attribute pcm_fftMag_fband250-650_sma_percentile99.0 numeric
@attribute pcm_fftMag_fband250-650_sma_pctlrange0-1 numeric
@attribute pcm_fftMag_fband250-650_sma_stddev numeric
@attribute pcm_fftMag_fband250-650_sma_skewness numeric
@attribute pcm_fftMag_fband250-650_sma_kurtosis numeric
@attribute pcm_fftMag_fband250-650_sma_meanSegLen numeric
@attribute pcm_fftMag_fband250-650_sma_maxSegLen numeric
@attribute pcm_fftMag_fband250-650_sma_minSegLen numeric
@attribute pcm_fftMag_fband250-650_sma_segLenStddev numeric
@attribute pcm_fftMag_fband250-650_sma_upleveltime25 numeric
@attribute pcm_fftMag_fband250-650_sma_upleveltime50 numeric
@attribute pcm_fftMag_fband250-650_sma_upleveltime75 numeric
@attribute pcm_fftMag_fband250-650_sma_upleveltime90 numeric
@attribute pcm_fftMag_fband250-650_sma_risetime numeric
@attribute pcm_fftMag_fband250-650_sma_leftctime numeric
@attribute pcm_fftMag_fband250-650_sma_lpgain numeric
@attribute pcm_fftMag_fband250-650_sma_lpc0 numeric
@attribute pcm_fftMag_fband250-650_sma_lpc1 numeric
@attribute pcm_fftMag_fband250-650_sma_lpc2 numeric
@attribute pcm_fftMag_fband250-650_sma_lpc3 numeric
@attribute pcm_fftMag_fband250-650_sma_lpc4 numeric
@attribute pcm_fftMag_fband1000-4000_sma_range numeric
@attribute pcm_fftMag_fband1000-4000_sma_maxPos numeric
@attribute pcm_fftMag_fband1000-4000_sma_minPos numeric
@attribute pcm_fftMag_fband1000-4000_sma_quartile1 numeric
@attribute pcm_fftMag_fband1000-4000_sma_quartile2 numeric
@attribute pcm_fftMag_fband1000-4000_sma_quartile3 numeric
@attribute pcm_fftMag_fband1000-4000_sma_iqr1-2 numeric
@attribute pcm_fftMag_fband1000-4000_sma_iqr2-3 numeric
@attribute pcm_fftMag_fband1000-4000_sma_iqr1-3 numeric
@attribute pcm_fftMag_fband1000-4000_sma_percentile1.0 numeric
@attribute pcm_fftMag_fband1000-4000_sma_percentile99.0 numeric
@attribute pcm_fftMag_fband1000-4000_sma_pctlrange0-1 numeric
@attribute pcm_fftMag_fband1000-4000_sma_stddev numeric
@attribute pcm_fftMag_fband1000-4000_sma_skewness numeric
@attribute pcm_fftMag_fband1000-4000_sma_kurtosis numeric
@attribute pcm_fftMag_fband1000-4000_sma_meanSegLen numeric
@attribute pcm_fftMag_fband1000-4000_sma_maxSegLen numeric
@attribute pcm_fftMag_fband1000-4000_sma_minSegLen numeric
@attribute pcm_fftMag_fband1000-4000_sma_segLenStddev numeric
@attribute pcm_fftMag_fband1000-4000_sma_upleveltime25 numeric
@attribute pcm_fftMag_fband1000-4000_sma_upleveltime50 numeric
@attribute pcm_fftMag_fband1000-4000_sma_upleveltime75 numeric
@attribute pcm_fftMag_fband1000-4000_sma_upleveltime90 numeric
@attribute pcm_fftMag_fband1000-4000_sma_risetime numeric
@attribute pcm_fftMag_fband1000-4000_sma_leftctime numeric
@attribute pcm_fftMag_fband1000-4000_sma_lpgain numeric
@attribute pcm_fftMag_fband1000-4000_sma_lpc0 numeric
@attribute pcm_fftMag_fband1000-4000_sma_lpc1 numeric
@attribute pcm_fftMag_fband1000-4000_sma_lpc2 numeric
@attribute pcm_fftMag_fband1000-4000_sma_lpc3 numeric
@attribute pcm_fftMag_fband1000-4000_sma_lpc4 numeric
@attribute pcm_fftMag_spectralRollOff25.0_sma_range numeric
@attribute pcm_fftMag_spectralRollOff25.0_sma_maxPos numeric
@attribute pcm_fftMag_spectralRollOff25.0_sma_minPos numeric
@attribute pcm_fftMag_spectralRollOff25.0_sma_quartile1 numeric
@attribute pcm_fftMag_spectralRollOff25.0_sma_quartile2 numeric
@attribute pcm_fftMag_spectralRollOff25.0_sma_quartile3 numeric
@attribute pcm_fftMag_spectralRollOff25.0_sma_iqr1-2 numeric
@attribute pcm_fftMag_spectralRollOff25.0_sma_iqr2-3 numeric
@attribute pcm_fftMag_spectralRollOff25.0_sma_iqr1-3 numeric
@attribute pcm_fftMag_spectralRollOff25.0_sma_percentile1.0 numeric
@attribute pcm_fftMag_spectralRollOff25.0_sma_percentile99.0 numeric
@attribute pcm_fftMag_spectralRollOff25.0_sma_pctlrange0-1 numeric
@attribute pcm_fftMag_spectralRollOff25.0_sma_stddev numeric
@attribute pcm_fftMag_spectralRollOff25.0_sma_skewness numeric
@attribute pcm_fftMag_spectralRollOff25.0_sma_kurtosis numeric
@attribute pcm_fftMag_spectralRollOff25.0_sma_meanSegLen numeric
@attribute pcm_fftMag_spectralRollOff25.0_sma_maxSegLen numeric
@attribute pcm_fftMag_spectralRollOff25.0_sma_minSegLen numeric
@attribute pcm_fftMag_spectralRollOff25.0_sma_segLenStddev numeric
@attribute pcm_fftMag_spectralRollOff25.0_sma_upleveltime25 numeric
@attribute pcm_fftMag_spectralRollOff25.0_sma_upleveltime50 numeric
@attribute pcm_fftMag_spectralRollOff25.0_sma_upleveltime75 numeric
@attribute pcm_fftMag_spectralRollOff25.0_sma_upleveltime90 numeric
@attribute pcm_fftMag_spectralRollOff25.0_sma_risetime numeric
@attribute pcm_fftMag_spectralRollOff25.0_sma_leftctime numeric
@attribute pcm_fftMag_spectralRollOff25.0_sma_lpgain numeric
@attribute pcm_fftMag_spectralRollOff25.0_sma_lpc0 numeric
@attribute pcm_fftMag_spectralRollOff25.0_sma_lpc1 numeric
@attribute pcm_fftMag_spectralRollOff25.0_sma_lpc2 numeric
@attribute pcm_fftMag_spectralRollOff25.0_sma_lpc3 numeric
@attribute pcm_fftMag_spectralRollOff25.0_sma_lpc4 numeric
@attribute pcm_fftMag_spectralRollOff50.0_sma_range numeric
@attribute pcm_fftMag_spectralRollOff50.0_sma_maxPos numeric
@attribute pcm_fftMag_spectralRollOff50.0_sma_minPos numeric
@attribute pcm_fftMag_spectralRollOff50.0_sma_quartile1 numeric
@attribute pcm_fftMag_spectralRollOff50.0_sma_quartile2 numeric
@attribute pcm_fftMag_spectralRollOff50.0_sma_quartile3 numeric
@attribute pcm_fftMag_spectralRollOff50.0_sma_iqr1-2 numeric
@attribute pcm_fftMag_spectralRollOff50.0_sma_iqr2-3 numeric
@attribute pcm_fftMag_spectralRollOff50.0_sma_iqr1-3 numeric
@attribute pcm_fftMag_spectralRollOff50.0_sma_percentile1.0 numeric
@attribute pcm_fftMag_spectralRollOff50.0_sma_percentile99.0 numeric
@attribute pcm_fftMag_spectralRollOff50.0_sma_pctlrange0-1 numeric
@attribute pcm_fftMag_spectralRollOff50.0_sma_stddev numeric
@attribute pcm_fftMag_spectralRollOff50.0_sma_skewness numeric
@attribute pcm_fftMag_spectralRollOff50.0_sma_kurtosis numeric
@attribute pcm_fftMag_spectralRollOff50.0_sma_meanSegLen numeric
@attribute pcm_fftMag_spectralRollOff50.0_sma_maxSegLen numeric
@attribute pcm_fftMag_spectralRollOff50.0_sma_minSegLen numeric
@attribute pcm_fftMag_spectralRollOff50.0_sma_segLenStddev numeric
@attribute pcm_fftMag_spectralRollOff50.0_sma_upleveltime25 numeric
@attribute pcm_fftMag_spectralRollOff50.0_sma_upleveltime50 numeric
@attribute pcm_fftMag_spectralRollOff50.0_sma_upleveltime75 numeric
@attribute pcm_fftMag_spectralRollOff50.0_sma_upleveltime90 numeric
@attribute pcm_fftMag_spectralRollOff50.0_sma_risetime numeric
@attribute pcm_fftMag_spectralRollOff50.0_sma_leftctime numeric
@attribute pcm_fftMag_spectralRollOff50.0_sma_lpgain numeric
@attribute pcm_fftMag_spectralRollOff50.0_sma_lpc0 numeric
@attribute pcm_fftMag_spectralRollOff50.0_sma_lpc1 numeric
@attribute pcm_fftMag_spectralRollOff50.0_sma_lpc2 numeric
@attribute pcm_fftMag_spectralRollOff50.0_sma_lpc3 numeric
@attribute pcm_fftMag_spectralRollOff50.0_sma_lpc4 numeric
@attribute pcm_fftMag_spectralRollOff75.0_sma_range numeric
@attribute pcm_fftMag_spectralRollOff75.0_sma_maxPos numeric
@attribute pcm_fftMag_spectralRollOff75.0_sma_minPos numeric
@attribute pcm_fftMag_spectralRollOff75.0_sma_quartile1 numeric
@attribute pcm_fftMag_spectralRollOff75.0_sma_quartile2 numeric
@attribute pcm_fftMag_spectralRollOff75.0_sma_quartile3 numeric
@attribute pcm_fftMag_spectralRollOff75.0_sma_iqr1-2 numeric
@attribute pcm_fftMag_spectralRollOff75.0_sma_iqr2-3 numeric
@attribute pcm_fftMag_spectralRollOff75.0_sma_iqr1-3 numeric
@attribute pcm_fftMag_spectralRollOff75.0_sma_percentile1.0 numeric
@attribute pcm_fftMag_spectralRollOff75.0_sma_percentile99.0 numeric
@attribute pcm_fftMag_spectralRollOff75.0_sma_pctlrange0-1 numeric
@attribute pcm_fftMag_spectralRollOff75.0_sma_stddev numeric
@attribute pcm_fftMag_spectralRollOff75.0_sma_skewness numeric
@attribute pcm_fftMag_spectralRollOff75.0_sma_kurtosis numeric
@attribute pcm_fftMag_spectralRollOff75.0_sma_meanSegLen numeric
@attribute pcm_fftMag_spectralRollOff75.0_sma_maxSegLen numeric
@attribute pcm_fftMag_spectralRollOff75.0_sma_minSegLen numeric
@attribute pcm_fftMag_spectralRollOff75.0_sma_segLenStddev numeric
@attribute pcm_fftMag_spectralRollOff75.0_sma_upleveltime25 numeric
@attribute pcm_fftMag_spectralRollOff75.0_sma_upleveltime50 numeric
@attribute pcm_fftMag_spectralRollOff75.0_sma_upleveltime75 numeric
@attribute pcm_fftMag_spectralRollOff75.0_sma_upleveltime90 numeric
@attribute pcm_fftMag_spectralRollOff75.0_sma_risetime numeric
@attribute pcm_fftMag_spectralRollOff75.0_sma_leftctime numeric
@attribute pcm_fftMag_spectralRollOff75.0_sma_lpgain numeric
@attribute pcm_fftMag_spectralRollOff75.0_sma_lpc0 numeric
@attribute pcm_fftMag_spectralRollOff75.0_sma_lpc1 numeric
@attribute pcm_fftMag_spectralRollOff75.0_sma_lpc2 numeric
@attribute pcm_fftMag_spectralRollOff75.0_sma_lpc3 numeric
@attribute pcm_fftMag_spectralRollOff75.0_sma_lpc4 numeric
@attribute pcm_fftMag_spectralRollOff90.0_sma_range numeric
@attribute pcm_fftMag_spectralRollOff90.0_sma_maxPos numeric
@attribute pcm_fftMag_spectralRollOff90.0_sma_minPos numeric
@attribute pcm_fftMag_spectralRollOff90.0_sma_quartile1 numeric
@attribute pcm_fftMag_spectralRollOff90.0_sma_quartile2 numeric
@attribute pcm_fftMag_spectralRollOff90.0_sma_quartile3 numeric
@attribute pcm_fftMag_spectralRollOff90.0_sma_iqr1-2 numeric
@attribute pcm_fftMag_spectralRollOff90.0_sma_iqr2-3 numeric
@attribute pcm_fftMag_spectralRollOff90.0_sma_iqr1-3 numeric
@attribute pcm_fftMag_spectralRollOff90.0_sma_percentile1.0 numeric
@attribute pcm_fftMag_spectralRollOff90.0_sma_percentile99.0 numeric
@attribute pcm_fftMag_spectralRollOff90.0_sma_pctlrange0-1 numeric
@attribute pcm_fftMag_spectralRollOff90.0_sma_stddev numeric
@attribute pcm_fftMag_spectralRollOff90.0_sma_skewness numeric
@attribute pcm_fftMag_spectralRollOff90.0_sma_kurtosis numeric
@attribute pcm_fftMag_spectralRollOff90.0_sma_meanSegLen numeric
@attribute pcm_fftMag_spectralRollOff90.0_sma_maxSegLen numeric
@attribute pcm_fftMag_spectralRollOff90.0_sma_minSegLen numeric
@attribute pcm_fftMag_spectralRollOff90.0_sma_segLenStddev numeric
@attribute pcm_fftMag_spectralRollOff90.0_sma_upleveltime25 numeric
@attribute pcm_fftMag_spectralRollOff90.0_sma_upleveltime50 numeric
@attribute pcm_fftMag_spectralRollOff90.0_sma_upleveltime75 numeric
@attribute pcm_fftMag_spectralRollOff90.0_sma_upleveltime90 numeric
@attribute pcm_fftMag_spectralRollOff90.0_sma_risetime numeric
@attribute pcm_fftMag_spectralRollOff90.0_sma_leftctime numeric
@attribute pcm_fftMag_spectralRollOff90.0_sma_lpgain numeric
@attribute pcm_fftMag_spectralRollOff90.0_sma_lpc0 numeric
@attribute pcm_fftMag_spectralRollOff90.0_sma_lpc1 numeric
@attribute pcm_fftMag_spectralRollOff90.0_sma_lpc2 numeric
@attribute pcm_fftMag_spectralRollOff90.0_sma_lpc3 numeric
@attribute pcm_fftMag_spectralRollOff90.0_sma_lpc4 numeric
@attribute pcm_fftMag_spectralFlux_sma_range numeric
@attribute pcm_fftMag_spectralFlux_sma_maxPos numeric
@attribute pcm_fftMag_spectralFlux_sma_minPos numeric
@attribute pcm_fftMag_spectralFlux_sma_quartile1 numeric
@attribute pcm_fftMag_spectralFlux_sma_quartile2 numeric
@attribute pcm_fftMag_spectralFlux_sma_quartile3 numeric
@attribute pcm_fftMag_spectralFlux_sma_iqr1-2 numeric
@attribute pcm_fftMag_spectralFlux_sma_iqr2-3 numeric
@attribute pcm_fftMag_spectralFlux_sma_iqr1-3 numeric
@attribute pcm_fftMag_spectralFlux_sma_percentile1.0 numeric
@attribute pcm_fftMag_spectralFlux_sma_percentile99.0 numeric
@attribute pcm_fftMag_spectralFlux_sma_pctlrange0-1 numeric
@attribute pcm_fftMag_spectralFlux_sma_stddev numeric
@attribute pcm_fftMag_spectralFlux_sma_skewness numeric
@attribute pcm_fftMag_spectralFlux_sma_kurtosis numeric
@attribute pcm_fftMag_spectralFlux_sma_meanSegLen numeric
@attribute pcm_fftMag_spectralFlux_sma_maxSegLen numeric
@attribute pcm_fftMag_spectralFlux_sma_minSegLen numeric
@attribute pcm_fftMag_spectralFlux_sma_segLenStddev numeric
@attribute pcm_fftMag_spectralFlux_sma_upleveltime25 numeric
@attribute pcm_fftMag_spectralFlux_sma_upleveltime50 numeric
@attribute pcm_fftMag_spectralFlux_sma_upleveltime75 numeric
@attribute pcm_fftMag_spectralFlux_sma_upleveltime90 numeric
@attribute pcm_fftMag_spectralFlux_sma_risetime numeric
@attribute pcm_fftMag_spectralFlux_sma_leftctime numeric
@attribute pcm_fftMag_spectralFlux_sma_lpgain numeric
@attribute pcm_fftMag_spectralFlux_sma_lpc0 numeric
@attribute pcm_fftMag_spectralFlux_sma_lpc1 numeric
@attribute pcm_fftMag_spectralFlux_sma_lpc2 numeric
@attribute pcm_fftMag_spectralFlux_sma_lpc3 numeric
@attribute pcm_fftMag_spectralFlux_sma_lpc4 numeric
@attribute pcm_fftMag_spectralCentroid_sma_range numeric
@attribute pcm_fftMag_spectralCentroid_sma_maxPos numeric
@attribute pcm_fftMag_spectralCentroid_sma_minPos numeric
@attribute pcm_fftMag_spectralCentroid_sma_quartile1 numeric
@attribute pcm_fftMag_spectralCentroid_sma_quartile2 numeric
@attribute pcm_fftMag_spectralCentroid_sma_quartile3 numeric
@attribute pcm_fftMag_spectralCentroid_sma_iqr1-2 numeric
@attribute pcm_fftMag_spectralCentroid_sma_iqr2-3 numeric
@attribute pcm_fftMag_spectralCentroid_sma_iqr1-3 numeric
@attribute pcm_fftMag_spectralCentroid_sma_percentile1.0 numeric
@attribute pcm_fftMag_spectralCentroid_sma_percentile99.0 numeric
@attribute pcm_fftMag_spectralCentroid_sma_pctlrange0-1 numeric
@attribute pcm_fftMag_spectralCentroid_sma_stddev numeric
@attribute pcm_fftMag_spectralCentroid_sma_skewness numeric
@attribute pcm_fftMag_spectralCentroid_sma_kurtosis numeric
@attribute pcm_fftMag_spectralCentroid_sma_meanSegLen numeric
@attribute pcm_fftMag_spectralCentroid_sma_maxSegLen numeric
@attribute pcm_fftMag_spectralCentroid_sma_minSegLen numeric
@attribute pcm_fftMag_spectralCentroid_sma_segLenStddev numeric
@attribute pcm_fftMag_spectralCentroid_sma_upleveltime25 numeric
@attribute pcm_fftMag_spectralCentroid_sma_upleveltime50 numeric
@attribute pcm_fftMag_spectralCentroid_sma_upleveltime75 numeric
@attribute pcm_fftMag_spectralCentroid_sma_upleveltime90 numeric
@attribute pcm_fftMag_spectralCentroid_sma_risetime numeric
@attribute pcm_fftMag_spectralCentroid_sma_leftctime numeric
@attribute pcm_fftMag_spectralCentroid_sma_lpgain numeric
@attribute pcm_fftMag_spectralCentroid_sma_lpc0 numeric
@attribute pcm_fftMag_spectralCentroid_sma_lpc1 numeric
@attribute pcm_fftMag_spectralCentroid_sma_lpc2 numeric
@attribute pcm_fftMag_spectralCentroid_sma_lpc3 numeric
@attribute pcm_fftMag_spectralCentroid_sma_lpc4 numeric
@attribute pcm_fftMag_spectralEntropy_sma_range numeric
@attribute pcm_fftMag_spectralEntropy_sma_maxPos numeric
@attribute pcm_fftMag_spectralEntropy_sma_minPos numeric
@attribute pcm_fftMag_spectralEntropy_sma_quartile1 numeric
@attribute pcm_fftMag_spectralEntropy_sma_quartile2 numeric
@attribute pcm_fftMag_spectralEntropy_sma_quartile3 numeric
@attribute pcm_fftMag_spectralEntropy_sma_iqr1-2 numeric
@attribute pcm_fftMag_spectralEntropy_sma_iqr2-3 numeric
@attribute pcm_fftMag_spectralEntropy_sma_iqr1-3 numeric
@attribute pcm_fftMag_spectralEntropy_sma_percentile1.0 numeric
@attribute pcm_fftMag_spectralEntropy_sma_percentile99.0 numeric
@attribute pcm_fftMag_spectralEntropy_sma_pctlrange0-1 numeric
@attribute pcm_fftMag_spectralEntropy_sma_stddev numeric
@attribute pcm_fftMag_spectralEntropy_sma_skewness numeric
@attribute pcm_fftMag_spectralEntropy_sma_kurtosis numeric
@attribute pcm_fftMag_spectralEntropy_sma_meanSegLen numeric
@attribute pcm_fftMag_spectralEntropy_sma_maxSegLen numeric
@attribute pcm_fftMag_spectralEntropy_sma_minSegLen numeric
@attribute pcm_fftMag_spectralEntropy_sma_segLenStddev numeric
@attribute pcm_fftMag_spectralEntropy_sma_upleveltime25 numeric
@attribute pcm_fftMag_spectralEntropy_sma_upleveltime50 numeric
@attribute pcm_fftMag_spectralEntropy_sma_upleveltime75 numeric
@attribute pcm_fftMag_spectralEntropy_sma_upleveltime90 numeric
@attribute pcm_fftMag_spectralEntropy_sma_risetime numeric
@attribute pcm_fftMag_spectralEntropy_sma_leftctime numeric
@attribute pcm_fftMag_spectralEntropy_sma_lpgain numeric
@attribute pcm_fftMag_spectralEntropy_sma_lpc0 numeric
@attribute pcm_fftMag_spectralEntropy_sma_lpc1 numeric
@attribute pcm_fftMag_spectralEntropy_sma_lpc2 numeric
@attribute pcm_fftMag_spectralEntropy_sma_lpc3 numeric
@attribute pcm_fftMag_spectralEntropy_sma_lpc4 numeric
@attribute pcm_fftMag_spectralVariance_sma_range numeric
@attribute pcm_fftMag_spectralVariance_sma_maxPos numeric
@attribute pcm_fftMag_spectralVariance_sma_minPos numeric
@attribute pcm_fftMag_spectralVariance_sma_quartile1 numeric
@attribute pcm_fftMag_spectralVariance_sma_quartile2 numeric
@attribute pcm_fftMag_spectralVariance_sma_quartile3 numeric
@attribute pcm_fftMag_spectralVariance_sma_iqr1-2 numeric
@attribute pcm_fftMag_spectralVariance_sma_iqr2-3 numeric
@attribute pcm_fftMag_spectralVariance_sma_iqr1-3 numeric
@attribute pcm_fftMag_spectralVariance_sma_percentile1.0 numeric
@attribute pcm_fftMag_spectralVariance_sma_percentile99.0 numeric
@attribute pcm_fftMag_spectralVariance_sma_pctlrange0-1 numeric
@attribute pcm_fftMag_spectralVariance_sma_stddev numeric
@attribute pcm_fftMag_spectralVariance_sma_skewness numeric
@attribute pcm_fftMag_spectralVariance_sma_kurtosis numeric
@attribute pcm_fftMag_spectralVariance_sma_meanSegLen numeric
@attribute pcm_fftMag_spectralVariance_sma_maxSegLen numeric
@attribute pcm_fftMag_spectralVariance_sma_minSegLen numeric
@attribute pcm_fftMag_spectralVariance_sma_segLenStddev numeric
@attribute pcm_fftMag_spectralVariance_sma_upleveltime25 numeric
@attribute pcm_fftMag_spectralVariance_sma_upleveltime50 numeric
@attribute pcm_fftMag_spectralVariance_sma_upleveltime75 numeric
@attribute pcm_fftMag_spectralVariance_sma_upleveltime90 numeric
@attribute pcm_fftMag_spectralVariance_sma_risetime numeric
@attribute pcm_fftMag_spectralVariance_sma_leftctime numeric
@attribute pcm_fftMag_spectralVariance_sma_lpgain numeric
@attribute pcm_fftMag_spectralVariance_sma_lpc0 numeric
@attribute pcm_fftMag_spectralVariance_sma_lpc1 numeric
@attribute pcm_fftMag_spectralVariance_sma_lpc2 numeric
@attribute pcm_fftMag_spectralVariance_sma_lpc3 numeric
@attribute pcm_fftMag_spectralVariance_sma_lpc4 numeric
@attribute pcm_fftMag_spectralSkewness_sma_range numeric
@attribute pcm_fftMag_spectralSkewness_sma_maxPos numeric
@attribute pcm_fftMag_spectralSkewness_sma_minPos numeric
@attribute pcm_fftMag_spectralSkewness_sma_quartile1 numeric
@attribute pcm_fftMag_spectralSkewness_sma_quartile2 numeric
@attribute pcm_fftMag_spectralSkewness_sma_quartile3 numeric
@attribute pcm_fftMag_spectralSkewness_sma_iqr1-2 numeric
@attribute pcm_fftMag_spectralSkewness_sma_iqr2-3 numeric
@attribute pcm_fftMag_spectralSkewness_sma_iqr1-3 numeric
@attribute pcm_fftMag_spectralSkewness_sma_percentile1.0 numeric
@attribute pcm_fftMag_spectralSkewness_sma_percentile99.0 numeric
@attribute pcm_fftMag_spectralSkewness_sma_pctlrange0-1 numeric
@attribute pcm_fftMag_spectralSkewness_sma_stddev numeric
@attribute pcm_fftMag_spectralSkewness_sma_skewness numeric
@attribute pcm_fftMag_spectralSkewness_sma_kurtosis numeric
@attribute pcm_fftMag_spectralSkewness_sma_meanSegLen numeric
@attribute pcm_fftMag_spectralSkewness_sma_maxSegLen numeric
@attribute pcm_fftMag_spectralSkewness_sma_minSegLen numeric
@attribute pcm_fftMag_spectralSkewness_sma_segLenStddev numeric
@attribute pcm_fftMag_spectralSkewness_sma_upleveltime25 numeric
@attribute pcm_fftMag_spectralSkewness_sma_upleveltime50 numeric
@attribute pcm_fftMag_spectralSkewness_sma_upleveltime75 numeric
@attribute pcm_fftMag_spectralSkewness_sma_upleveltime90 numeric
@attribute pcm_fftMag_spectralSkewness_sma_risetime numeric
@attribute pcm_fftMag_spectralSkewness_sma_leftctime numeric
@attribute pcm_fftMag_spectralSkewness_sma_lpgain numeric
@attribute pcm_fftMag_spectralSkewness_sma_lpc0 numeric
@attribute pcm_fftMag_spectralSkewness_sma_lpc1 numeric
@attribute pcm_fftMag_spectralSkewness_sma_lpc2 numeric
@attribute pcm_fftMag_spectralSkewness_sma_lpc3 numeric
@attribute pcm_fftMag_spectralSkewness_sma_lpc4 numeric
@attribute pcm_fftMag_spectralKurtosis_sma_range numeric
@attribute pcm_fftMag_spectralKurtosis_sma_maxPos numeric
@attribute pcm_fftMag_spectralKurtosis_sma_minPos numeric
@attribute pcm_fftMag_spectralKurtosis_sma_quartile1 numeric
@attribute pcm_fftMag_spectralKurtosis_sma_quartile2 numeric
@attribute pcm_fftMag_spectralKurtosis_sma_quartile3 numeric
@attribute pcm_fftMag_spectralKurtosis_sma_iqr1-2 numeric
@attribute pcm_fftMag_spectralKurtosis_sma_iqr2-3 numeric
@attribute pcm_fftMag_spectralKurtosis_sma_iqr1-3 numeric
@attribute pcm_fftMag_spectralKurtosis_sma_percentile1.0 numeric
@attribute pcm_fftMag_spectralKurtosis_sma_percentile99.0 numeric
@attribute pcm_fftMag_spectralKurtosis_sma_pctlrange0-1 numeric
@attribute pcm_fftMag_spectralKurtosis_sma_stddev numeric
@attribute pcm_fftMag_spectralKurtosis_sma_skewness numeric
@attribute pcm_fftMag_spectralKurtosis_sma_kurtosis numeric
@attribute pcm_fftMag_spectralKurtosis_sma_meanSegLen numeric
@attribute pcm_fftMag_spectralKurtosis_sma_maxSegLen numeric
@attribute pcm_fftMag_spectralKurtosis_sma_minSegLen numeric
@attribute pcm_fftMag_spectralKurtosis_sma_segLenStddev numeric
@attribute pcm_fftMag_spectralKurtosis_sma_upleveltime25 numeric
@attribute pcm_fftMag_spectralKurtosis_sma_upleveltime50 numeric
@attribute pcm_fftMag_spectralKurtosis_sma_upleveltime75 numeric
@attribute pcm_fftMag_spectralKurtosis_sma_upleveltime90 numeric
@attribute pcm_fftMag_spectralKurtosis_sma_risetime numeric
@attribute pcm_fftMag_spectralKurtosis_sma_leftctime numeric
@attribute pcm_fftMag_spectralKurtosis_sma_lpgain numeric
@attribute pcm_fftMag_spectralKurtosis_sma_lpc0 numeric
@attribute pcm_fftMag_spectralKurtosis_sma_lpc1 numeric
@attribute pcm_fftMag_spectralKurtosis_sma_lpc2 numeric
@attribute pcm_fftMag_spectralKurtosis_sma_lpc3 numeric
@attribute pcm_fftMag_spectralKurtosis_sma_lpc4 numeric
@attribute pcm_fftMag_spectralSlope_sma_range numeric
@attribute pcm_fftMag_spectralSlope_sma_maxPos numeric
@attribute pcm_fftMag_spectralSlope_sma_minPos numeric
@attribute pcm_fftMag_spectralSlope_sma_quartile1 numeric
@attribute pcm_fftMag_spectralSlope_sma_quartile2 numeric
@attribute pcm_fftMag_spectralSlope_sma_quartile3 numeric
@attribute pcm_fftMag_spectralSlope_sma_iqr1-2 numeric
@attribute pcm_fftMag_spectralSlope_sma_iqr2-3 numeric
@attribute pcm_fftMag_spectralSlope_sma_iqr1-3 numeric
@attribute pcm_fftMag_spectralSlope_sma_percentile1.0 numeric
@attribute pcm_fftMag_spectralSlope_sma_percentile99.0 numeric
@attribute pcm_fftMag_spectralSlope_sma_pctlrange0-1 numeric
@attribute pcm_fftMag_spectralSlope_sma_stddev numeric
@attribute pcm_fftMag_spectralSlope_sma_skewness numeric
@attribute pcm_fftMag_spectralSlope_sma_kurtosis numeric
@attribute pcm_fftMag_spectralSlope_sma_meanSegLen numeric
@attribute pcm_fftMag_spectralSlope_sma_maxSegLen numeric
@attribute pcm_fftMag_spectralSlope_sma_minSegLen numeric
@attribute pcm_fftMag_spectralSlope_sma_segLenStddev numeric
@attribute pcm_fftMag_spectralSlope_sma_upleveltime25 numeric
@attribute pcm_fftMag_spectralSlope_sma_upleveltime50 numeric
@attribute pcm_fftMag_spectralSlope_sma_upleveltime75 numeric
@attribute pcm_fftMag_spectralSlope_sma_upleveltime90 numeric
@attribute pcm_fftMag_spectralSlope_sma_risetime numeric
@attribute pcm_fftMag_spectralSlope_sma_leftctime numeric
@attribute pcm_fftMag_spectralSlope_sma_lpgain numeric
@attribute pcm_fftMag_spectralSlope_sma_lpc0 numeric
@attribute pcm_fftMag_spectralSlope_sma_lpc1 numeric
@attribute pcm_fftMag_spectralSlope_sma_lpc2 numeric
@attribute pcm_fftMag_spectralSlope_sma_lpc3 numeric
@attribute pcm_fftMag_spectralSlope_sma_lpc4 numeric
@attribute pcm_fftMag_psySharpness_sma_range numeric
@attribute pcm_fftMag_psySharpness_sma_maxPos numeric
@attribute pcm_fftMag_psySharpness_sma_minPos numeric
@attribute pcm_fftMag_psySharpness_sma_quartile1 numeric
@attribute pcm_fftMag_psySharpness_sma_quartile2 numeric
@attribute pcm_fftMag_psySharpness_sma_quartile3 numeric
@attribute pcm_fftMag_psySharpness_sma_iqr1-2 numeric
@attribute pcm_fftMag_psySharpness_sma_iqr2-3 numeric
@attribute pcm_fftMag_psySharpness_sma_iqr1-3 numeric
@attribute pcm_fftMag_psySharpness_sma_percentile1.0 numeric
@attribute pcm_fftMag_psySharpness_sma_percentile99.0 numeric
@attribute pcm_fftMag_psySharpness_sma_pctlrange0-1 numeric
@attribute pcm_fftMag_psySharpness_sma_stddev numeric
@attribute pcm_fftMag_psySharpness_sma_skewness numeric
@attribute pcm_fftMag_psySharpness_sma_kurtosis numeric
@attribute pcm_fftMag_psySharpness_sma_meanSegLen numeric
@attribute pcm_fftMag_psySharpness_sma_maxSegLen numeric
@attribute pcm_fftMag_psySharpness_sma_minSegLen numeric
@attribute pcm_fftMag_psySharpness_sma_segLenStddev numeric
@attribute pcm_fftMag_psySharpness_sma_upleveltime25 numeric
@attribute pcm_fftMag_psySharpness_sma_upleveltime50 numeric
@attribute pcm_fftMag_psySharpness_sma_upleveltime75 numeric
@attribute pcm_fftMag_psySharpness_sma_upleveltime90 numeric
@attribute pcm_fftMag_psySharpness_sma_risetime numeric
@attribute pcm_fftMag_psySharpness_sma_leftctime numeric
@attribute pcm_fftMag_psySharpness_sma_lpgain numeric
@attribute pcm_fftMag_psySharpness_sma_lpc0 numeric
@attribute pcm_fftMag_psySharpness_sma_lpc1 numeric
@attribute pcm_fftMag_psySharpness_sma_lpc2 numeric
@attribute pcm_fftMag_psySharpness_sma_lpc3 numeric
@attribute pcm_fftMag_psySharpness_sma_lpc4 numeric
@attribute pcm_fftMag_spectralHarmonicity_sma_range numeric
@attribute pcm_fftMag_spectralHarmonicity_sma_maxPos numeric
@attribute pcm_fftMag_spectralHarmonicity_sma_minPos numeric
@attribute pcm_fftMag_spectralHarmonicity_sma_quartile1 numeric
@attribute pcm_fftMag_spectralHarmonicity_sma_quartile2 numeric
@attribute pcm_fftMag_spectralHarmonicity_sma_quartile3 numeric
@attribute pcm_fftMag_spectralHarmonicity_sma_iqr1-2 numeric
@attribute pcm_fftMag_spectralHarmonicity_sma_iqr2-3 numeric
@attribute pcm_fftMag_spectralHarmonicity_sma_iqr1-3 numeric
@attribute pcm_fftMag_spectralHarmonicity_sma_percentile1.0 numeric
@attribute pcm_fftMag_spectralHarmonicity_sma_percentile99.0 numeric
@attribute pcm_fftMag_spectralHarmonicity_sma_pctlrange0-1 numeric
@attribute pcm_fftMag_spectralHarmonicity_sma_stddev numeric
@attribute pcm_fftMag_spectralHarmonicity_sma_skewness numeric
@attribute pcm_fftMag_spectralHarmonicity_sma_kurtosis numeric
@attribute pcm_fftMag_spectralHarmonicity_sma_meanSegLen numeric
@attribute pcm_fftMag_spectralHarmonicity_sma_maxSegLen numeric
@attribute pcm_fftMag_spectralHarmonicity_sma_minSegLen numeric
@attribute pcm_fftMag_spectralHarmonicity_sma_segLenStddev numeric
@attribute pcm_fftMag_spectralHarmonicity_sma_upleveltime25 numeric
@attribute pcm_fftMag_spectralHarmonicity_sma_upleveltime50 numeric
@attribute pcm_fftMag_spectralHarmonicity_sma_upleveltime75 numeric
@attribute pcm_fftMag_spectralHarmonicity_sma_upleveltime90 numeric
@attribute pcm_fftMag_spectralHarmonicity_sma_risetime numeric
@attribute pcm_fftMag_spectralHarmonicity_sma_leftctime numeric
@attribute pcm_fftMag_spectralHarmonicity_sma_lpgain numeric
@attribute pcm_fftMag_spectralHarmonicity_sma_lpc0 numeric
@attribute pcm_fftMag_spectralHarmonicity_sma_lpc1 numeric
@attribute pcm_fftMag_spectralHarmonicity_sma_lpc2 numeric
@attribute pcm_fftMag_spectralHarmonicity_sma_lpc3 numeric
@attribute pcm_fftMag_spectralHarmonicity_sma_lpc4 numeric
@attribute mfcc_sma[1]_range numeric
@attribute mfcc_sma[1]_maxPos numeric
@attribute mfcc_sma[1]_minPos numeric
@attribute mfcc_sma[1]_quartile1 numeric
@attribute mfcc_sma[1]_quartile2 numeric
@attribute mfcc_sma[1]_quartile3 numeric
@attribute mfcc_sma[1]_iqr1-2 numeric
@attribute mfcc_sma[1]_iqr2-3 numeric
@attribute mfcc_sma[1]_iqr1-3 numeric
@attribute mfcc_sma[1]_percentile1.0 numeric
@attribute mfcc_sma[1]_percentile99.0 numeric
@attribute mfcc_sma[1]_pctlrange0-1 numeric
@attribute mfcc_sma[1]_stddev numeric
@attribute mfcc_sma[1]_skewness numeric
@attribute mfcc_sma[1]_kurtosis numeric
@attribute mfcc_sma[1]_meanSegLen numeric
@attribute mfcc_sma[1]_maxSegLen numeric
@attribute mfcc_sma[1]_minSegLen numeric
@attribute mfcc_sma[1]_segLenStddev numeric
@attribute mfcc_sma[1]_upleveltime25 numeric
@attribute mfcc_sma[1]_upleveltime50 numeric
@attribute mfcc_sma[1]_upleveltime75 numeric
@attribute mfcc_sma[1]_upleveltime90 numeric
@attribute mfcc_sma[1]_risetime numeric
@attribute mfcc_sma[1]_leftctime numeric
@attribute mfcc_sma[1]_lpgain numeric
@attribute mfcc_sma[1]_lpc0 numeric
@attribute mfcc_sma[1]_lpc1 numeric
@attribute mfcc_sma[1]_lpc2 numeric
@attribute mfcc_sma[1]_lpc3 numeric
@attribute mfcc_sma[1]_lpc4 numeric
@attribute mfcc_sma[2]_range numeric
@attribute mfcc_sma[2]_maxPos numeric
@attribute mfcc_sma[2]_minPos numeric
@attribute mfcc_sma[2]_quartile1 numeric
@attribute mfcc_sma[2]_quartile2 numeric
@attribute mfcc_sma[2]_quartile3 numeric
@attribute mfcc_sma[2]_iqr1-2 numeric
@attribute mfcc_sma[2]_iqr2-3 numeric
@attribute mfcc_sma[2]_iqr1-3 numeric
@attribute mfcc_sma[2]_percentile1.0 numeric
@attribute mfcc_sma[2]_percentile99.0 numeric
@attribute mfcc_sma[2]_pctlrange0-1 numeric
@attribute mfcc_sma[2]_stddev numeric
@attribute mfcc_sma[2]_skewness numeric
@attribute mfcc_sma[2]_kurtosis numeric
@attribute mfcc_sma[2]_meanSegLen numeric
@attribute mfcc_sma[2]_maxSegLen numeric
@attribute mfcc_sma[2]_minSegLen numeric
@attribute mfcc_sma[2]_segLenStddev numeric
@attribute mfcc_sma[2]_upleveltime25 numeric
@attribute mfcc_sma[2]_upleveltime50 numeric
@attribute mfcc_sma[2]_upleveltime75 numeric
@attribute mfcc_sma[2]_upleveltime90 numeric
@attribute mfcc_sma[2]_risetime numeric
@attribute mfcc_sma[2]_leftctime numeric
@attribute mfcc_sma[2]_lpgain numeric
@attribute mfcc_sma[2]_lpc0 numeric
@attribute mfcc_sma[2]_lpc1 numeric
@attribute mfcc_sma[2]_lpc2 numeric
@attribute mfcc_sma[2]_lpc3 numeric
@attribute mfcc_sma[2]_lpc4 numeric
@attribute mfcc_sma[3]_range numeric
@attribute mfcc_sma[3]_maxPos numeric
@attribute mfcc_sma[3]_minPos numeric
@attribute mfcc_sma[3]_quartile1 numeric
@attribute mfcc_sma[3]_quartile2 numeric
@attribute mfcc_sma[3]_quartile3 numeric
@attribute mfcc_sma[3]_iqr1-2 numeric
@attribute mfcc_sma[3]_iqr2-3 numeric
@attribute mfcc_sma[3]_iqr1-3 numeric
@attribute mfcc_sma[3]_percentile1.0 numeric
@attribute mfcc_sma[3]_percentile99.0 numeric
@attribute mfcc_sma[3]_pctlrange0-1 numeric
@attribute mfcc_sma[3]_stddev numeric
@attribute mfcc_sma[3]_skewness numeric
@attribute mfcc_sma[3]_kurtosis numeric
@attribute mfcc_sma[3]_meanSegLen numeric
@attribute mfcc_sma[3]_maxSegLen numeric
@attribute mfcc_sma[3]_minSegLen numeric
@attribute mfcc_sma[3]_segLenStddev numeric
@attribute mfcc_sma[3]_upleveltime25 numeric
@attribute mfcc_sma[3]_upleveltime50 numeric
@attribute mfcc_sma[3]_upleveltime75 numeric
@attribute mfcc_sma[3]_upleveltime90 numeric
@attribute mfcc_sma[3]_risetime numeric
@attribute mfcc_sma[3]_leftctime numeric
@attribute mfcc_sma[3]_lpgain numeric
@attribute mfcc_sma[3]_lpc0 numeric
@attribute mfcc_sma[3]_lpc1 numeric
@attribute mfcc_sma[3]_lpc2 numeric
@attribute mfcc_sma[3]_lpc3 numeric
@attribute mfcc_sma[3]_lpc4 numeric
@attribute mfcc_sma[4]_range numeric
@attribute mfcc_sma[4]_maxPos numeric
@attribute mfcc_sma[4]_minPos numeric
@attribute mfcc_sma[4]_quartile1 numeric
@attribute mfcc_sma[4]_quartile2 numeric
@attribute mfcc_sma[4]_quartile3 numeric
@attribute mfcc_sma[4]_iqr1-2 numeric
@attribute mfcc_sma[4]_iqr2-3 numeric
@attribute mfcc_sma[4]_iqr1-3 numeric
@attribute mfcc_sma[4]_percentile1.0 numeric
@attribute mfcc_sma[4]_percentile99.0 numeric
@attribute mfcc_sma[4]_pctlrange0-1 numeric
@attribute mfcc_sma[4]_stddev numeric
@attribute mfcc_sma[4]_skewness numeric
@attribute mfcc_sma[4]_kurtosis numeric
@attribute mfcc_sma[4]_meanSegLen numeric
@attribute mfcc_sma[4]_maxSegLen numeric
@attribute mfcc_sma[4]_minSegLen numeric
@attribute mfcc_sma[4]_segLenStddev numeric
@attribute mfcc_sma[4]_upleveltime25 numeric
@attribute mfcc_sma[4]_upleveltime50 numeric
@attribute mfcc_sma[4]_upleveltime75 numeric
@attribute mfcc_sma[4]_upleveltime90 numeric
@attribute mfcc_sma[4]_risetime numeric
@attribute mfcc_sma[4]_leftctime numeric
@attribute mfcc_sma[4]_lpgain numeric
@attribute mfcc_sma[4]_lpc0 numeric
@attribute mfcc_sma[4]_lpc1 numeric
@attribute mfcc_sma[4]_lpc2 numeric
@attribute mfcc_sma[4]_lpc3 numeric
@attribute mfcc_sma[4]_lpc4 numeric
@attribute mfcc_sma[5]_range numeric
@attribute mfcc_sma[5]_maxPos numeric
@attribute mfcc_sma[5]_minPos numeric
@attribute mfcc_sma[5]_quartile1 numeric
@attribute mfcc_sma[5]_quartile2 numeric
@attribute mfcc_sma[5]_quartile3 numeric
@attribute mfcc_sma[5]_iqr1-2 numeric
@attribute mfcc_sma[5]_iqr2-3 numeric
@attribute mfcc_sma[5]_iqr1-3 numeric
@attribute mfcc_sma[5]_percentile1.0 numeric
@attribute mfcc_sma[5]_percentile99.0 numeric
@attribute mfcc_sma[5]_pctlrange0-1 numeric
@attribute mfcc_sma[5]_stddev numeric
@attribute mfcc_sma[5]_skewness numeric
@attribute mfcc_sma[5]_kurtosis numeric
@attribute mfcc_sma[5]_meanSegLen numeric
@attribute mfcc_sma[5]_maxSegLen numeric
@attribute mfcc_sma[5]_minSegLen numeric
@attribute mfcc_sma[5]_segLenStddev numeric
@attribute mfcc_sma[5]_upleveltime25 numeric
@attribute mfcc_sma[5]_upleveltime50 numeric
@attribute mfcc_sma[5]_upleveltime75 numeric
@attribute mfcc_sma[5]_upleveltime90 numeric
@attribute mfcc_sma[5]_risetime numeric
@attribute mfcc_sma[5]_leftctime numeric
@attribute mfcc_sma[5]_lpgain numeric
@attribute mfcc_sma[5]_lpc0 numeric
@attribute mfcc_sma[5]_lpc1 numeric
@attribute mfcc_sma[5]_lpc2 numeric
@attribute mfcc_sma[5]_lpc3 numeric
@attribute mfcc_sma[5]_lpc4 numeric
@attribute mfcc_sma[6]_range numeric
@attribute mfcc_sma[6]_maxPos numeric
@attribute mfcc_sma[6]_minPos numeric
@attribute mfcc_sma[6]_quartile1 numeric
@attribute mfcc_sma[6]_quartile2 numeric
@attribute mfcc_sma[6]_quartile3 numeric
@attribute mfcc_sma[6]_iqr1-2 numeric
@attribute mfcc_sma[6]_iqr2-3 numeric
@attribute mfcc_sma[6]_iqr1-3 numeric
@attribute mfcc_sma[6]_percentile1.0 numeric
@attribute mfcc_sma[6]_percentile99.0 numeric
@attribute mfcc_sma[6]_pctlrange0-1 numeric
@attribute mfcc_sma[6]_stddev numeric
@attribute mfcc_sma[6]_skewness numeric
@attribute mfcc_sma[6]_kurtosis numeric
@attribute mfcc_sma[6]_meanSegLen numeric
@attribute mfcc_sma[6]_maxSegLen numeric
@attribute mfcc_sma[6]_minSegLen numeric
@attribute mfcc_sma[6]_segLenStddev numeric
@attribute mfcc_sma[6]_upleveltime25 numeric
@attribute mfcc_sma[6]_upleveltime50 numeric
@attribute mfcc_sma[6]_upleveltime75 numeric
@attribute mfcc_sma[6]_upleveltime90 numeric
@attribute mfcc_sma[6]_risetime numeric
@attribute mfcc_sma[6]_leftctime numeric
@attribute mfcc_sma[6]_lpgain numeric
@attribute mfcc_sma[6]_lpc0 numeric
@attribute mfcc_sma[6]_lpc1 numeric
@attribute mfcc_sma[6]_lpc2 numeric
@attribute mfcc_sma[6]_lpc3 numeric
@attribute mfcc_sma[6]_lpc4 numeric
@attribute mfcc_sma[7]_range numeric
@attribute mfcc_sma[7]_maxPos numeric
@attribute mfcc_sma[7]_minPos numeric
@attribute mfcc_sma[7]_quartile1 numeric
@attribute mfcc_sma[7]_quartile2 numeric
@attribute mfcc_sma[7]_quartile3 numeric
@attribute mfcc_sma[7]_iqr1-2 numeric
@attribute mfcc_sma[7]_iqr2-3 numeric
@attribute mfcc_sma[7]_iqr1-3 numeric
@attribute mfcc_sma[7]_percentile1.0 numeric
@attribute mfcc_sma[7]_percentile99.0 numeric
@attribute mfcc_sma[7]_pctlrange0-1 numeric
@attribute mfcc_sma[7]_stddev numeric
@attribute mfcc_sma[7]_skewness numeric
@attribute mfcc_sma[7]_kurtosis numeric
@attribute mfcc_sma[7]_meanSegLen numeric
@attribute mfcc_sma[7]_maxSegLen numeric
@attribute mfcc_sma[7]_minSegLen numeric
@attribute mfcc_sma[7]_segLenStddev numeric
@attribute mfcc_sma[7]_upleveltime25 numeric
@attribute mfcc_sma[7]_upleveltime50 numeric
@attribute mfcc_sma[7]_upleveltime75 numeric
@attribute mfcc_sma[7]_upleveltime90 numeric
@attribute mfcc_sma[7]_risetime numeric
@attribute mfcc_sma[7]_leftctime numeric
@attribute mfcc_sma[7]_lpgain numeric
@attribute mfcc_sma[7]_lpc0 numeric
@attribute mfcc_sma[7]_lpc1 numeric
@attribute mfcc_sma[7]_lpc2 numeric
@attribute mfcc_sma[7]_lpc3 numeric
@attribute mfcc_sma[7]_lpc4 numeric
@attribute mfcc_sma[8]_range numeric
@attribute mfcc_sma[8]_maxPos numeric
@attribute mfcc_sma[8]_minPos numeric
@attribute mfcc_sma[8]_quartile1 numeric
@attribute mfcc_sma[8]_quartile2 numeric
@attribute mfcc_sma[8]_quartile3 numeric
@attribute mfcc_sma[8]_iqr1-2 numeric
@attribute mfcc_sma[8]_iqr2-3 numeric
@attribute mfcc_sma[8]_iqr1-3 numeric
@attribute mfcc_sma[8]_percentile1.0 numeric
@attribute mfcc_sma[8]_percentile99.0 numeric
@attribute mfcc_sma[8]_pctlrange0-1 numeric
@attribute mfcc_sma[8]_stddev numeric
@attribute mfcc_sma[8]_skewness numeric
@attribute mfcc_sma[8]_kurtosis numeric
@attribute mfcc_sma[8]_meanSegLen numeric
@attribute mfcc_sma[8]_maxSegLen numeric
@attribute mfcc_sma[8]_minSegLen numeric
@attribute mfcc_sma[8]_segLenStddev numeric
@attribute mfcc_sma[8]_upleveltime25 numeric
@attribute mfcc_sma[8]_upleveltime50 numeric
@attribute mfcc_sma[8]_upleveltime75 numeric
@attribute mfcc_sma[8]_upleveltime90 numeric
@attribute mfcc_sma[8]_risetime numeric
@attribute mfcc_sma[8]_leftctime numeric
@attribute mfcc_sma[8]_lpgain numeric
@attribute mfcc_sma[8]_lpc0 numeric
@attribute mfcc_sma[8]_lpc1 numeric
@attribute mfcc_sma[8]_lpc2 numeric
@attribute mfcc_sma[8]_lpc3 numeric
@attribute mfcc_sma[8]_lpc4 numeric
@attribute mfcc_sma[9]_range numeric
@attribute mfcc_sma[9]_maxPos numeric
@attribute mfcc_sma[9]_minPos numeric
@attribute mfcc_sma[9]_quartile1 numeric
@attribute mfcc_sma[9]_quartile2 numeric
@attribute mfcc_sma[9]_quartile3 numeric
@attribute mfcc_sma[9]_iqr1-2 numeric
@attribute mfcc_sma[9]_iqr2-3 numeric
@attribute mfcc_sma[9]_iqr1-3 numeric
@attribute mfcc_sma[9]_percentile1.0 numeric
@attribute mfcc_sma[9]_percentile99.0 numeric
@attribute mfcc_sma[9]_pctlrange0-1 numeric
@attribute mfcc_sma[9]_stddev numeric
@attribute mfcc_sma[9]_skewness numeric
@attribute mfcc_sma[9]_kurtosis numeric
@attribute mfcc_sma[9]_meanSegLen numeric
@attribute mfcc_sma[9]_maxSegLen numeric
@attribute mfcc_sma[9]_minSegLen numeric
@attribute mfcc_sma[9]_segLenStddev numeric
@attribute mfcc_sma[9]_upleveltime25 numeric
@attribute mfcc_sma[9]_upleveltime50 numeric
@attribute mfcc_sma[9]_upleveltime75 numeric
@attribute mfcc_sma[9]_upleveltime90 numeric
@attribute mfcc_sma[9]_risetime numeric
@attribute mfcc_sma[9]_leftctime numeric
@attribute mfcc_sma[9]_lpgain numeric
@attribute mfcc_sma[9]_lpc0 numeric
@attribute mfcc_sma[9]_lpc1 numeric
@attribute mfcc_sma[9]_lpc2 numeric
@attribute mfcc_sma[9]_lpc3 numeric
@attribute mfcc_sma[9]_lpc4 numeric
@attribute mfcc_sma[10]_range numeric
@attribute mfcc_sma[10]_maxPos numeric
@attribute mfcc_sma[10]_minPos numeric
@attribute mfcc_sma[10]_quartile1 numeric
@attribute mfcc_sma[10]_quartile2 numeric
@attribute mfcc_sma[10]_quartile3 numeric
@attribute mfcc_sma[10]_iqr1-2 numeric
@attribute mfcc_sma[10]_iqr2-3 numeric
@attribute mfcc_sma[10]_iqr1-3 numeric
@attribute mfcc_sma[10]_percentile1.0 numeric
@attribute mfcc_sma[10]_percentile99.0 numeric
@attribute mfcc_sma[10]_pctlrange0-1 numeric
@attribute mfcc_sma[10]_stddev numeric
@attribute mfcc_sma[10]_skewness numeric
@attribute mfcc_sma[10]_kurtosis numeric
@attribute mfcc_sma[10]_meanSegLen numeric
@attribute mfcc_sma[10]_maxSegLen numeric
@attribute mfcc_sma[10]_minSegLen numeric
@attribute mfcc_sma[10]_segLenStddev numeric
@attribute mfcc_sma[10]_upleveltime25 numeric
@attribute mfcc_sma[10]_upleveltime50 numeric
@attribute mfcc_sma[10]_upleveltime75 numeric
@attribute mfcc_sma[10]_upleveltime90 numeric
@attribute mfcc_sma[10]_risetime numeric
@attribute mfcc_sma[10]_leftctime numeric
@attribute mfcc_sma[10]_lpgain numeric
@attribute mfcc_sma[10]_lpc0 numeric
@attribute mfcc_sma[10]_lpc1 numeric
@attribute mfcc_sma[10]_lpc2 numeric
@attribute mfcc_sma[10]_lpc3 numeric
@attribute mfcc_sma[10]_lpc4 numeric
@attribute mfcc_sma[11]_range numeric
@attribute mfcc_sma[11]_maxPos numeric
@attribute mfcc_sma[11]_minPos numeric
@attribute mfcc_sma[11]_quartile1 numeric
@attribute mfcc_sma[11]_quartile2 numeric
@attribute mfcc_sma[11]_quartile3 numeric
@attribute mfcc_sma[11]_iqr1-2 numeric
@attribute mfcc_sma[11]_iqr2-3 numeric
@attribute mfcc_sma[11]_iqr1-3 numeric
@attribute mfcc_sma[11]_percentile1.0 numeric
@attribute mfcc_sma[11]_percentile99.0 numeric
@attribute mfcc_sma[11]_pctlrange0-1 numeric
@attribute mfcc_sma[11]_stddev numeric
@attribute mfcc_sma[11]_skewness numeric
@attribute mfcc_sma[11]_kurtosis numeric
@attribute mfcc_sma[11]_meanSegLen numeric
@attribute mfcc_sma[11]_maxSegLen numeric
@attribute mfcc_sma[11]_minSegLen numeric
@attribute mfcc_sma[11]_segLenStddev numeric
@attribute mfcc_sma[11]_upleveltime25 numeric
@attribute mfcc_sma[11]_upleveltime50 numeric
@attribute mfcc_sma[11]_upleveltime75 numeric
@attribute mfcc_sma[11]_upleveltime90 numeric
@attribute mfcc_sma[11]_risetime numeric
@attribute mfcc_sma[11]_leftctime numeric
@attribute mfcc_sma[11]_lpgain numeric
@attribute mfcc_sma[11]_lpc0 numeric
@attribute mfcc_sma[11]_lpc1 numeric
@attribute mfcc_sma[11]_lpc2 numeric
@attribute mfcc_sma[11]_lpc3 numeric
@attribute mfcc_sma[11]_lpc4 numeric
@attribute mfcc_sma[12]_range numeric
@attribute mfcc_sma[12]_maxPos numeric
@attribute mfcc_sma[12]_minPos numeric
@attribute mfcc_sma[12]_quartile1 numeric
@attribute mfcc_sma[12]_quartile2 numeric
@attribute mfcc_sma[12]_quartile3 numeric
@attribute mfcc_sma[12]_iqr1-2 numeric
@attribute mfcc_sma[12]_iqr2-3 numeric
@attribute mfcc_sma[12]_iqr1-3 numeric
@attribute mfcc_sma[12]_percentile1.0 numeric
@attribute mfcc_sma[12]_percentile99.0 numeric
@attribute mfcc_sma[12]_pctlrange0-1 numeric
@attribute mfcc_sma[12]_stddev numeric
@attribute mfcc_sma[12]_skewness numeric
@attribute mfcc_sma[12]_kurtosis numeric
@attribute mfcc_sma[12]_meanSegLen numeric
@attribute mfcc_sma[12]_maxSegLen numeric
@attribute mfcc_sma[12]_minSegLen numeric
@attribute mfcc_sma[12]_segLenStddev numeric
@attribute mfcc_sma[12]_upleveltime25 numeric
@attribute mfcc_sma[12]_upleveltime50 numeric
@attribute mfcc_sma[12]_upleveltime75 numeric
@attribute mfcc_sma[12]_upleveltime90 numeric
@attribute mfcc_sma[12]_risetime numeric
@attribute mfcc_sma[12]_leftctime numeric
@attribute mfcc_sma[12]_lpgain numeric
@attribute mfcc_sma[12]_lpc0 numeric
@attribute mfcc_sma[12]_lpc1 numeric
@attribute mfcc_sma[12]_lpc2 numeric
@attribute mfcc_sma[12]_lpc3 numeric
@attribute mfcc_sma[12]_lpc4 numeric
@attribute mfcc_sma[13]_range numeric
@attribute mfcc_sma[13]_maxPos numeric
@attribute mfcc_sma[13]_minPos numeric
@attribute mfcc_sma[13]_quartile1 numeric
@attribute mfcc_sma[13]_quartile2 numeric
@attribute mfcc_sma[13]_quartile3 numeric
@attribute mfcc_sma[13]_iqr1-2 numeric
@attribute mfcc_sma[13]_iqr2-3 numeric
@attribute mfcc_sma[13]_iqr1-3 numeric
@attribute mfcc_sma[13]_percentile1.0 numeric
@attribute mfcc_sma[13]_percentile99.0 numeric
@attribute mfcc_sma[13]_pctlrange0-1 numeric
@attribute mfcc_sma[13]_stddev numeric
@attribute mfcc_sma[13]_skewness numeric
@attribute mfcc_sma[13]_kurtosis numeric
@attribute mfcc_sma[13]_meanSegLen numeric
@attribute mfcc_sma[13]_maxSegLen numeric
@attribute mfcc_sma[13]_minSegLen numeric
@attribute mfcc_sma[13]_segLenStddev numeric
@attribute mfcc_sma[13]_upleveltime25 numeric
@attribute mfcc_sma[13]_upleveltime50 numeric
@attribute mfcc_sma[13]_upleveltime75 numeric
@attribute mfcc_sma[13]_upleveltime90 numeric
@attribute mfcc_sma[13]_risetime numeric
@attribute mfcc_sma[13]_leftctime numeric
@attribute mfcc_sma[13]_lpgain numeric
@attribute mfcc_sma[13]_lpc0 numeric
@attribute mfcc_sma[13]_lpc1 numeric
@attribute mfcc_sma[13]_lpc2 numeric
@attribute mfcc_sma[13]_lpc3 numeric
@attribute mfcc_sma[13]_lpc4 numeric
@attribute mfcc_sma[14]_range numeric
@attribute mfcc_sma[14]_maxPos numeric
@attribute mfcc_sma[14]_minPos numeric
@attribute mfcc_sma[14]_quartile1 numeric
@attribute mfcc_sma[14]_quartile2 numeric
@attribute mfcc_sma[14]_quartile3 numeric
@attribute mfcc_sma[14]_iqr1-2 numeric
@attribute mfcc_sma[14]_iqr2-3 numeric
@attribute mfcc_sma[14]_iqr1-3 numeric
@attribute mfcc_sma[14]_percentile1.0 numeric
@attribute mfcc_sma[14]_percentile99.0 numeric
@attribute mfcc_sma[14]_pctlrange0-1 numeric
@attribute mfcc_sma[14]_stddev numeric
@attribute mfcc_sma[14]_skewness numeric
@attribute mfcc_sma[14]_kurtosis numeric
@attribute mfcc_sma[14]_meanSegLen numeric
@attribute mfcc_sma[14]_maxSegLen numeric
@attribute mfcc_sma[14]_minSegLen numeric
@attribute mfcc_sma[14]_segLenStddev numeric
@attribute mfcc_sma[14]_upleveltime25 numeric
@attribute mfcc_sma[14]_upleveltime50 numeric
@attribute mfcc_sma[14]_upleveltime75 numeric
@attribute mfcc_sma[14]_upleveltime90 numeric
@attribute mfcc_sma[14]_risetime numeric
@attribute mfcc_sma[14]_leftctime numeric
@attribute mfcc_sma[14]_lpgain numeric
@attribute mfcc_sma[14]_lpc0 numeric
@attribute mfcc_sma[14]_lpc1 numeric
@attribute mfcc_sma[14]_lpc2 numeric
@attribute mfcc_sma[14]_lpc3 numeric
@attribute mfcc_sma[14]_lpc4 numeric
@attribute audSpec_Rfilt_sma_de[0]_range numeric
@attribute audSpec_Rfilt_sma_de[0]_maxPos numeric
@attribute audSpec_Rfilt_sma_de[0]_minPos numeric
@attribute audSpec_Rfilt_sma_de[0]_quartile1 numeric
@attribute audSpec_Rfilt_sma_de[0]_quartile2 numeric
@attribute audSpec_Rfilt_sma_de[0]_quartile3 numeric
@attribute audSpec_Rfilt_sma_de[0]_iqr1-2 numeric
@attribute audSpec_Rfilt_sma_de[0]_iqr2-3 numeric
@attribute audSpec_Rfilt_sma_de[0]_iqr1-3 numeric
@attribute audSpec_Rfilt_sma_de[0]_percentile1.0 numeric
@attribute audSpec_Rfilt_sma_de[0]_percentile99.0 numeric
@attribute audSpec_Rfilt_sma_de[0]_pctlrange0-1 numeric
@attribute audSpec_Rfilt_sma_de[0]_stddev numeric
@attribute audSpec_Rfilt_sma_de[0]_skewness numeric
@attribute audSpec_Rfilt_sma_de[0]_kurtosis numeric
@attribute audSpec_Rfilt_sma_de[0]_meanSegLen numeric
@attribute audSpec_Rfilt_sma_de[0]_maxSegLen numeric
@attribute audSpec_Rfilt_sma_de[0]_minSegLen numeric
@attribute audSpec_Rfilt_sma_de[0]_segLenStddev numeric
@attribute audSpec_Rfilt_sma_de[0]_upleveltime25 numeric
@attribute audSpec_Rfilt_sma_de[0]_upleveltime50 numeric
@attribute audSpec_Rfilt_sma_de[0]_upleveltime75 numeric
@attribute audSpec_Rfilt_sma_de[0]_upleveltime90 numeric
@attribute audSpec_Rfilt_sma_de[0]_risetime numeric
@attribute audSpec_Rfilt_sma_de[0]_leftctime numeric
@attribute audSpec_Rfilt_sma_de[0]_lpgain numeric
@attribute audSpec_Rfilt_sma_de[0]_lpc0 numeric
@attribute audSpec_Rfilt_sma_de[0]_lpc1 numeric
@attribute audSpec_Rfilt_sma_de[0]_lpc2 numeric
@attribute audSpec_Rfilt_sma_de[0]_lpc3 numeric
@attribute audSpec_Rfilt_sma_de[0]_lpc4 numeric
@attribute audSpec_Rfilt_sma_de[1]_range numeric
@attribute audSpec_Rfilt_sma_de[1]_maxPos numeric
@attribute audSpec_Rfilt_sma_de[1]_minPos numeric
@attribute audSpec_Rfilt_sma_de[1]_quartile1 numeric
@attribute audSpec_Rfilt_sma_de[1]_quartile2 numeric
@attribute audSpec_Rfilt_sma_de[1]_quartile3 numeric
@attribute audSpec_Rfilt_sma_de[1]_iqr1-2 numeric
@attribute audSpec_Rfilt_sma_de[1]_iqr2-3 numeric
@attribute audSpec_Rfilt_sma_de[1]_iqr1-3 numeric
@attribute audSpec_Rfilt_sma_de[1]_percentile1.0 numeric
@attribute audSpec_Rfilt_sma_de[1]_percentile99.0 numeric
@attribute audSpec_Rfilt_sma_de[1]_pctlrange0-1 numeric
@attribute audSpec_Rfilt_sma_de[1]_stddev numeric
@attribute audSpec_Rfilt_sma_de[1]_skewness numeric
@attribute audSpec_Rfilt_sma_de[1]_kurtosis numeric
@attribute audSpec_Rfilt_sma_de[1]_meanSegLen numeric
@attribute audSpec_Rfilt_sma_de[1]_maxSegLen numeric
@attribute audSpec_Rfilt_sma_de[1]_minSegLen numeric
@attribute audSpec_Rfilt_sma_de[1]_segLenStddev numeric
@attribute audSpec_Rfilt_sma_de[1]_upleveltime25 numeric
@attribute audSpec_Rfilt_sma_de[1]_upleveltime50 numeric
@attribute audSpec_Rfilt_sma_de[1]_upleveltime75 numeric
@attribute audSpec_Rfilt_sma_de[1]_upleveltime90 numeric
@attribute audSpec_Rfilt_sma_de[1]_risetime numeric
@attribute audSpec_Rfilt_sma_de[1]_leftctime numeric
@attribute audSpec_Rfilt_sma_de[1]_lpgain numeric
@attribute audSpec_Rfilt_sma_de[1]_lpc0 numeric
@attribute audSpec_Rfilt_sma_de[1]_lpc1 numeric
@attribute audSpec_Rfilt_sma_de[1]_lpc2 numeric
@attribute audSpec_Rfilt_sma_de[1]_lpc3 numeric
@attribute audSpec_Rfilt_sma_de[1]_lpc4 numeric
@attribute audSpec_Rfilt_sma_de[2]_range numeric
@attribute audSpec_Rfilt_sma_de[2]_maxPos numeric
@attribute audSpec_Rfilt_sma_de[2]_minPos numeric
@attribute audSpec_Rfilt_sma_de[2]_quartile1 numeric
@attribute audSpec_Rfilt_sma_de[2]_quartile2 numeric
@attribute audSpec_Rfilt_sma_de[2]_quartile3 numeric
@attribute audSpec_Rfilt_sma_de[2]_iqr1-2 numeric
@attribute audSpec_Rfilt_sma_de[2]_iqr2-3 numeric
@attribute audSpec_Rfilt_sma_de[2]_iqr1-3 numeric
@attribute audSpec_Rfilt_sma_de[2]_percentile1.0 numeric
@attribute audSpec_Rfilt_sma_de[2]_percentile99.0 numeric
@attribute audSpec_Rfilt_sma_de[2]_pctlrange0-1 numeric
@attribute audSpec_Rfilt_sma_de[2]_stddev numeric
@attribute audSpec_Rfilt_sma_de[2]_skewness numeric
@attribute audSpec_Rfilt_sma_de[2]_kurtosis numeric
@attribute audSpec_Rfilt_sma_de[2]_meanSegLen numeric
@attribute audSpec_Rfilt_sma_de[2]_maxSegLen numeric
@attribute audSpec_Rfilt_sma_de[2]_minSegLen numeric
@attribute audSpec_Rfilt_sma_de[2]_segLenStddev numeric
@attribute audSpec_Rfilt_sma_de[2]_upleveltime25 numeric
@attribute audSpec_Rfilt_sma_de[2]_upleveltime50 numeric
@attribute audSpec_Rfilt_sma_de[2]_upleveltime75 numeric
@attribute audSpec_Rfilt_sma_de[2]_upleveltime90 numeric
@attribute audSpec_Rfilt_sma_de[2]_risetime numeric
@attribute audSpec_Rfilt_sma_de[2]_leftctime numeric
@attribute audSpec_Rfilt_sma_de[2]_lpgain numeric
@attribute audSpec_Rfilt_sma_de[2]_lpc0 numeric
@attribute audSpec_Rfilt_sma_de[2]_lpc1 numeric
@attribute audSpec_Rfilt_sma_de[2]_lpc2 numeric
@attribute audSpec_Rfilt_sma_de[2]_lpc3 numeric
@attribute audSpec_Rfilt_sma_de[2]_lpc4 numeric
@attribute audSpec_Rfilt_sma_de[3]_range numeric
@attribute audSpec_Rfilt_sma_de[3]_maxPos numeric
@attribute audSpec_Rfilt_sma_de[3]_minPos numeric
@attribute audSpec_Rfilt_sma_de[3]_quartile1 numeric
@attribute audSpec_Rfilt_sma_de[3]_quartile2 numeric
@attribute audSpec_Rfilt_sma_de[3]_quartile3 numeric
@attribute audSpec_Rfilt_sma_de[3]_iqr1-2 numeric
@attribute audSpec_Rfilt_sma_de[3]_iqr2-3 numeric
@attribute audSpec_Rfilt_sma_de[3]_iqr1-3 numeric
@attribute audSpec_Rfilt_sma_de[3]_percentile1.0 numeric
@attribute audSpec_Rfilt_sma_de[3]_percentile99.0 numeric
@attribute audSpec_Rfilt_sma_de[3]_pctlrange0-1 numeric
@attribute audSpec_Rfilt_sma_de[3]_stddev numeric
@attribute audSpec_Rfilt_sma_de[3]_skewness numeric
@attribute audSpec_Rfilt_sma_de[3]_kurtosis numeric
@attribute audSpec_Rfilt_sma_de[3]_meanSegLen numeric
@attribute audSpec_Rfilt_sma_de[3]_maxSegLen numeric
@attribute audSpec_Rfilt_sma_de[3]_minSegLen numeric
@attribute audSpec_Rfilt_sma_de[3]_segLenStddev numeric
@attribute audSpec_Rfilt_sma_de[3]_upleveltime25 numeric
@attribute audSpec_Rfilt_sma_de[3]_upleveltime50 numeric
@attribute audSpec_Rfilt_sma_de[3]_upleveltime75 numeric
@attribute audSpec_Rfilt_sma_de[3]_upleveltime90 numeric
@attribute audSpec_Rfilt_sma_de[3]_risetime numeric
@attribute audSpec_Rfilt_sma_de[3]_leftctime numeric
@attribute audSpec_Rfilt_sma_de[3]_lpgain numeric
@attribute audSpec_Rfilt_sma_de[3]_lpc0 numeric
@attribute audSpec_Rfilt_sma_de[3]_lpc1 numeric
@attribute audSpec_Rfilt_sma_de[3]_lpc2 numeric
@attribute audSpec_Rfilt_sma_de[3]_lpc3 numeric
@attribute audSpec_Rfilt_sma_de[3]_lpc4 numeric
@attribute audSpec_Rfilt_sma_de[4]_range numeric
@attribute audSpec_Rfilt_sma_de[4]_maxPos numeric
@attribute audSpec_Rfilt_sma_de[4]_minPos numeric
@attribute audSpec_Rfilt_sma_de[4]_quartile1 numeric
@attribute audSpec_Rfilt_sma_de[4]_quartile2 numeric
@attribute audSpec_Rfilt_sma_de[4]_quartile3 numeric
@attribute audSpec_Rfilt_sma_de[4]_iqr1-2 numeric
@attribute audSpec_Rfilt_sma_de[4]_iqr2-3 numeric
@attribute audSpec_Rfilt_sma_de[4]_iqr1-3 numeric
@attribute audSpec_Rfilt_sma_de[4]_percentile1.0 numeric
@attribute audSpec_Rfilt_sma_de[4]_percentile99.0 numeric
@attribute audSpec_Rfilt_sma_de[4]_pctlrange0-1 numeric
@attribute audSpec_Rfilt_sma_de[4]_stddev numeric
@attribute audSpec_Rfilt_sma_de[4]_skewness numeric
@attribute audSpec_Rfilt_sma_de[4]_kurtosis numeric
@attribute audSpec_Rfilt_sma_de[4]_meanSegLen numeric
@attribute audSpec_Rfilt_sma_de[4]_maxSegLen numeric
@attribute audSpec_Rfilt_sma_de[4]_minSegLen numeric
@attribute audSpec_Rfilt_sma_de[4]_segLenStddev numeric
@attribute audSpec_Rfilt_sma_de[4]_upleveltime25 numeric
@attribute audSpec_Rfilt_sma_de[4]_upleveltime50 numeric
@attribute audSpec_Rfilt_sma_de[4]_upleveltime75 numeric
@attribute audSpec_Rfilt_sma_de[4]_upleveltime90 numeric
@attribute audSpec_Rfilt_sma_de[4]_risetime numeric
@attribute audSpec_Rfilt_sma_de[4]_leftctime numeric
@attribute audSpec_Rfilt_sma_de[4]_lpgain numeric
@attribute audSpec_Rfilt_sma_de[4]_lpc0 numeric
@attribute audSpec_Rfilt_sma_de[4]_lpc1 numeric
@attribute audSpec_Rfilt_sma_de[4]_lpc2 numeric
@attribute audSpec_Rfilt_sma_de[4]_lpc3 numeric
@attribute audSpec_Rfilt_sma_de[4]_lpc4 numeric
@attribute audSpec_Rfilt_sma_de[5]_range numeric
@attribute audSpec_Rfilt_sma_de[5]_maxPos numeric
@attribute audSpec_Rfilt_sma_de[5]_minPos numeric
@attribute audSpec_Rfilt_sma_de[5]_quartile1 numeric
@attribute audSpec_Rfilt_sma_de[5]_quartile2 numeric
@attribute audSpec_Rfilt_sma_de[5]_quartile3 numeric
@attribute audSpec_Rfilt_sma_de[5]_iqr1-2 numeric
@attribute audSpec_Rfilt_sma_de[5]_iqr2-3 numeric
@attribute audSpec_Rfilt_sma_de[5]_iqr1-3 numeric
@attribute audSpec_Rfilt_sma_de[5]_percentile1.0 numeric
@attribute audSpec_Rfilt_sma_de[5]_percentile99.0 numeric
@attribute audSpec_Rfilt_sma_de[5]_pctlrange0-1 numeric
@attribute audSpec_Rfilt_sma_de[5]_stddev numeric
@attribute audSpec_Rfilt_sma_de[5]_skewness numeric
@attribute audSpec_Rfilt_sma_de[5]_kurtosis numeric
@attribute audSpec_Rfilt_sma_de[5]_meanSegLen numeric
@attribute audSpec_Rfilt_sma_de[5]_maxSegLen numeric
@attribute audSpec_Rfilt_sma_de[5]_minSegLen numeric
@attribute audSpec_Rfilt_sma_de[5]_segLenStddev numeric
@attribute audSpec_Rfilt_sma_de[5]_upleveltime25 numeric
@attribute audSpec_Rfilt_sma_de[5]_upleveltime50 numeric
@attribute audSpec_Rfilt_sma_de[5]_upleveltime75 numeric
@attribute audSpec_Rfilt_sma_de[5]_upleveltime90 numeric
@attribute audSpec_Rfilt_sma_de[5]_risetime numeric
@attribute audSpec_Rfilt_sma_de[5]_leftctime numeric
@attribute audSpec_Rfilt_sma_de[5]_lpgain numeric
@attribute audSpec_Rfilt_sma_de[5]_lpc0 numeric
@attribute audSpec_Rfilt_sma_de[5]_lpc1 numeric
@attribute audSpec_Rfilt_sma_de[5]_lpc2 numeric
@attribute audSpec_Rfilt_sma_de[5]_lpc3 numeric
@attribute audSpec_Rfilt_sma_de[5]_lpc4 numeric
@attribute audSpec_Rfilt_sma_de[6]_range numeric
@attribute audSpec_Rfilt_sma_de[6]_maxPos numeric
@attribute audSpec_Rfilt_sma_de[6]_minPos numeric
@attribute audSpec_Rfilt_sma_de[6]_quartile1 numeric
@attribute audSpec_Rfilt_sma_de[6]_quartile2 numeric
@attribute audSpec_Rfilt_sma_de[6]_quartile3 numeric
@attribute audSpec_Rfilt_sma_de[6]_iqr1-2 numeric
@attribute audSpec_Rfilt_sma_de[6]_iqr2-3 numeric
@attribute audSpec_Rfilt_sma_de[6]_iqr1-3 numeric
@attribute audSpec_Rfilt_sma_de[6]_percentile1.0 numeric
@attribute audSpec_Rfilt_sma_de[6]_percentile99.0 numeric
@attribute audSpec_Rfilt_sma_de[6]_pctlrange0-1 numeric
@attribute audSpec_Rfilt_sma_de[6]_stddev numeric
@attribute audSpec_Rfilt_sma_de[6]_skewness numeric
@attribute audSpec_Rfilt_sma_de[6]_kurtosis numeric
@attribute audSpec_Rfilt_sma_de[6]_meanSegLen numeric
@attribute audSpec_Rfilt_sma_de[6]_maxSegLen numeric
@attribute audSpec_Rfilt_sma_de[6]_minSegLen numeric
@attribute audSpec_Rfilt_sma_de[6]_segLenStddev numeric
@attribute audSpec_Rfilt_sma_de[6]_upleveltime25 numeric
@attribute audSpec_Rfilt_sma_de[6]_upleveltime50 numeric
@attribute audSpec_Rfilt_sma_de[6]_upleveltime75 numeric
@attribute audSpec_Rfilt_sma_de[6]_upleveltime90 numeric
@attribute audSpec_Rfilt_sma_de[6]_risetime numeric
@attribute audSpec_Rfilt_sma_de[6]_leftctime numeric
@attribute audSpec_Rfilt_sma_de[6]_lpgain numeric
@attribute audSpec_Rfilt_sma_de[6]_lpc0 numeric
@attribute audSpec_Rfilt_sma_de[6]_lpc1 numeric
@attribute audSpec_Rfilt_sma_de[6]_lpc2 numeric
@attribute audSpec_Rfilt_sma_de[6]_lpc3 numeric
@attribute audSpec_Rfilt_sma_de[6]_lpc4 numeric
@attribute audSpec_Rfilt_sma_de[7]_range numeric
@attribute audSpec_Rfilt_sma_de[7]_maxPos numeric
@attribute audSpec_Rfilt_sma_de[7]_minPos numeric
@attribute audSpec_Rfilt_sma_de[7]_quartile1 numeric
@attribute audSpec_Rfilt_sma_de[7]_quartile2 numeric
@attribute audSpec_Rfilt_sma_de[7]_quartile3 numeric
@attribute audSpec_Rfilt_sma_de[7]_iqr1-2 numeric
@attribute audSpec_Rfilt_sma_de[7]_iqr2-3 numeric
@attribute audSpec_Rfilt_sma_de[7]_iqr1-3 numeric
@attribute audSpec_Rfilt_sma_de[7]_percentile1.0 numeric
@attribute audSpec_Rfilt_sma_de[7]_percentile99.0 numeric
@attribute audSpec_Rfilt_sma_de[7]_pctlrange0-1 numeric
@attribute audSpec_Rfilt_sma_de[7]_stddev numeric
@attribute audSpec_Rfilt_sma_de[7]_skewness numeric
@attribute audSpec_Rfilt_sma_de[7]_kurtosis numeric
@attribute audSpec_Rfilt_sma_de[7]_meanSegLen numeric
@attribute audSpec_Rfilt_sma_de[7]_maxSegLen numeric
@attribute audSpec_Rfilt_sma_de[7]_minSegLen numeric
@attribute audSpec_Rfilt_sma_de[7]_segLenStddev numeric
@attribute audSpec_Rfilt_sma_de[7]_upleveltime25 numeric
@attribute audSpec_Rfilt_sma_de[7]_upleveltime50 numeric
@attribute audSpec_Rfilt_sma_de[7]_upleveltime75 numeric
@attribute audSpec_Rfilt_sma_de[7]_upleveltime90 numeric
@attribute audSpec_Rfilt_sma_de[7]_risetime numeric
@attribute audSpec_Rfilt_sma_de[7]_leftctime numeric
@attribute audSpec_Rfilt_sma_de[7]_lpgain numeric
@attribute audSpec_Rfilt_sma_de[7]_lpc0 numeric
@attribute audSpec_Rfilt_sma_de[7]_lpc1 numeric
@attribute audSpec_Rfilt_sma_de[7]_lpc2 numeric
@attribute audSpec_Rfilt_sma_de[7]_lpc3 numeric
@attribute audSpec_Rfilt_sma_de[7]_lpc4 numeric
@attribute audSpec_Rfilt_sma_de[8]_range numeric
@attribute audSpec_Rfilt_sma_de[8]_maxPos numeric
@attribute audSpec_Rfilt_sma_de[8]_minPos numeric
@attribute audSpec_Rfilt_sma_de[8]_quartile1 numeric
@attribute audSpec_Rfilt_sma_de[8]_quartile2 numeric
@attribute audSpec_Rfilt_sma_de[8]_quartile3 numeric
@attribute audSpec_Rfilt_sma_de[8]_iqr1-2 numeric
@attribute audSpec_Rfilt_sma_de[8]_iqr2-3 numeric
@attribute audSpec_Rfilt_sma_de[8]_iqr1-3 numeric
@attribute audSpec_Rfilt_sma_de[8]_percentile1.0 numeric
@attribute audSpec_Rfilt_sma_de[8]_percentile99.0 numeric
@attribute audSpec_Rfilt_sma_de[8]_pctlrange0-1 numeric
@attribute audSpec_Rfilt_sma_de[8]_stddev numeric
@attribute audSpec_Rfilt_sma_de[8]_skewness numeric
@attribute audSpec_Rfilt_sma_de[8]_kurtosis numeric
@attribute audSpec_Rfilt_sma_de[8]_meanSegLen numeric
@attribute audSpec_Rfilt_sma_de[8]_maxSegLen numeric
@attribute audSpec_Rfilt_sma_de[8]_minSegLen numeric
@attribute audSpec_Rfilt_sma_de[8]_segLenStddev numeric
@attribute audSpec_Rfilt_sma_de[8]_upleveltime25 numeric
@attribute audSpec_Rfilt_sma_de[8]_upleveltime50 numeric
@attribute audSpec_Rfilt_sma_de[8]_upleveltime75 numeric
@attribute audSpec_Rfilt_sma_de[8]_upleveltime90 numeric
@attribute audSpec_Rfilt_sma_de[8]_risetime numeric
@attribute audSpec_Rfilt_sma_de[8]_leftctime numeric
@attribute audSpec_Rfilt_sma_de[8]_lpgain numeric
@attribute audSpec_Rfilt_sma_de[8]_lpc0 numeric
@attribute audSpec_Rfilt_sma_de[8]_lpc1 numeric
@attribute audSpec_Rfilt_sma_de[8]_lpc2 numeric
@attribute audSpec_Rfilt_sma_de[8]_lpc3 numeric
@attribute audSpec_Rfilt_sma_de[8]_lpc4 numeric
@attribute audSpec_Rfilt_sma_de[9]_range numeric
@attribute audSpec_Rfilt_sma_de[9]_maxPos numeric
@attribute audSpec_Rfilt_sma_de[9]_minPos numeric
@attribute audSpec_Rfilt_sma_de[9]_quartile1 numeric
@attribute audSpec_Rfilt_sma_de[9]_quartile2 numeric
@attribute audSpec_Rfilt_sma_de[9]_quartile3 numeric
@attribute audSpec_Rfilt_sma_de[9]_iqr1-2 numeric
@attribute audSpec_Rfilt_sma_de[9]_iqr2-3 numeric
@attribute audSpec_Rfilt_sma_de[9]_iqr1-3 numeric
@attribute audSpec_Rfilt_sma_de[9]_percentile1.0 numeric
@attribute audSpec_Rfilt_sma_de[9]_percentile99.0 numeric
@attribute audSpec_Rfilt_sma_de[9]_pctlrange0-1 numeric
@attribute audSpec_Rfilt_sma_de[9]_stddev numeric
@attribute audSpec_Rfilt_sma_de[9]_skewness numeric
@attribute audSpec_Rfilt_sma_de[9]_kurtosis numeric
@attribute audSpec_Rfilt_sma_de[9]_meanSegLen numeric
@attribute audSpec_Rfilt_sma_de[9]_maxSegLen numeric
@attribute audSpec_Rfilt_sma_de[9]_minSegLen numeric
@attribute audSpec_Rfilt_sma_de[9]_segLenStddev numeric
@attribute audSpec_Rfilt_sma_de[9]_upleveltime25 numeric
@attribute audSpec_Rfilt_sma_de[9]_upleveltime50 numeric
@attribute audSpec_Rfilt_sma_de[9]_upleveltime75 numeric
@attribute audSpec_Rfilt_sma_de[9]_upleveltime90 numeric
@attribute audSpec_Rfilt_sma_de[9]_risetime numeric
@attribute audSpec_Rfilt_sma_de[9]_leftctime numeric
@attribute audSpec_Rfilt_sma_de[9]_lpgain numeric
@attribute audSpec_Rfilt_sma_de[9]_lpc0 numeric
@attribute audSpec_Rfilt_sma_de[9]_lpc1 numeric
@attribute audSpec_Rfilt_sma_de[9]_lpc2 numeric
@attribute audSpec_Rfilt_sma_de[9]_lpc3 numeric
@attribute audSpec_Rfilt_sma_de[9]_lpc4 numeric
@attribute audSpec_Rfilt_sma_de[10]_range numeric
@attribute audSpec_Rfilt_sma_de[10]_maxPos numeric
@attribute audSpec_Rfilt_sma_de[10]_minPos numeric
@attribute audSpec_Rfilt_sma_de[10]_quartile1 numeric
@attribute audSpec_Rfilt_sma_de[10]_quartile2 numeric
@attribute audSpec_Rfilt_sma_de[10]_quartile3 numeric
@attribute audSpec_Rfilt_sma_de[10]_iqr1-2 numeric
@attribute audSpec_Rfilt_sma_de[10]_iqr2-3 numeric
@attribute audSpec_Rfilt_sma_de[10]_iqr1-3 numeric
@attribute audSpec_Rfilt_sma_de[10]_percentile1.0 numeric
@attribute audSpec_Rfilt_sma_de[10]_percentile99.0 numeric
@attribute audSpec_Rfilt_sma_de[10]_pctlrange0-1 numeric
@attribute audSpec_Rfilt_sma_de[10]_stddev numeric
@attribute audSpec_Rfilt_sma_de[10]_skewness numeric
@attribute audSpec_Rfilt_sma_de[10]_kurtosis numeric
@attribute audSpec_Rfilt_sma_de[10]_meanSegLen numeric
@attribute audSpec_Rfilt_sma_de[10]_maxSegLen numeric
@attribute audSpec_Rfilt_sma_de[10]_minSegLen numeric
@attribute audSpec_Rfilt_sma_de[10]_segLenStddev numeric
@attribute audSpec_Rfilt_sma_de[10]_upleveltime25 numeric
@attribute audSpec_Rfilt_sma_de[10]_upleveltime50 numeric
@attribute audSpec_Rfilt_sma_de[10]_upleveltime75 numeric
@attribute audSpec_Rfilt_sma_de[10]_upleveltime90 numeric
@attribute audSpec_Rfilt_sma_de[10]_risetime numeric
@attribute audSpec_Rfilt_sma_de[10]_leftctime numeric
@attribute audSpec_Rfilt_sma_de[10]_lpgain numeric
@attribute audSpec_Rfilt_sma_de[10]_lpc0 numeric
@attribute audSpec_Rfilt_sma_de[10]_lpc1 numeric
@attribute audSpec_Rfilt_sma_de[10]_lpc2 numeric
@attribute audSpec_Rfilt_sma_de[10]_lpc3 numeric
@attribute audSpec_Rfilt_sma_de[10]_lpc4 numeric
@attribute audSpec_Rfilt_sma_de[11]_range numeric
@attribute audSpec_Rfilt_sma_de[11]_maxPos numeric
@attribute audSpec_Rfilt_sma_de[11]_minPos numeric
@attribute audSpec_Rfilt_sma_de[11]_quartile1 numeric
@attribute audSpec_Rfilt_sma_de[11]_quartile2 numeric
@attribute audSpec_Rfilt_sma_de[11]_quartile3 numeric
@attribute audSpec_Rfilt_sma_de[11]_iqr1-2 numeric
@attribute audSpec_Rfilt_sma_de[11]_iqr2-3 numeric
@attribute audSpec_Rfilt_sma_de[11]_iqr1-3 numeric
@attribute audSpec_Rfilt_sma_de[11]_percentile1.0 numeric
@attribute audSpec_Rfilt_sma_de[11]_percentile99.0 numeric
@attribute audSpec_Rfilt_sma_de[11]_pctlrange0-1 numeric
@attribute audSpec_Rfilt_sma_de[11]_stddev numeric
@attribute audSpec_Rfilt_sma_de[11]_skewness numeric
@attribute audSpec_Rfilt_sma_de[11]_kurtosis numeric
@attribute audSpec_Rfilt_sma_de[11]_meanSegLen numeric
@attribute audSpec_Rfilt_sma_de[11]_maxSegLen numeric
@attribute audSpec_Rfilt_sma_de[11]_minSegLen numeric
@attribute audSpec_Rfilt_sma_de[11]_segLenStddev numeric
@attribute audSpec_Rfilt_sma_de[11]_upleveltime25 numeric
@attribute audSpec_Rfilt_sma_de[11]_upleveltime50 numeric
@attribute audSpec_Rfilt_sma_de[11]_upleveltime75 numeric
@attribute audSpec_Rfilt_sma_de[11]_upleveltime90 numeric
@attribute audSpec_Rfilt_sma_de[11]_risetime numeric
@attribute audSpec_Rfilt_sma_de[11]_leftctime numeric
@attribute audSpec_Rfilt_sma_de[11]_lpgain numeric
@attribute audSpec_Rfilt_sma_de[11]_lpc0 numeric
@attribute audSpec_Rfilt_sma_de[11]_lpc1 numeric
@attribute audSpec_Rfilt_sma_de[11]_lpc2 numeric
@attribute audSpec_Rfilt_sma_de[11]_lpc3 numeric
@attribute audSpec_Rfilt_sma_de[11]_lpc4 numeric
@attribute audSpec_Rfilt_sma_de[12]_range numeric
@attribute audSpec_Rfilt_sma_de[12]_maxPos numeric
@attribute audSpec_Rfilt_sma_de[12]_minPos numeric
@attribute audSpec_Rfilt_sma_de[12]_quartile1 numeric
@attribute audSpec_Rfilt_sma_de[12]_quartile2 numeric
@attribute audSpec_Rfilt_sma_de[12]_quartile3 numeric
@attribute audSpec_Rfilt_sma_de[12]_iqr1-2 numeric
@attribute audSpec_Rfilt_sma_de[12]_iqr2-3 numeric
@attribute audSpec_Rfilt_sma_de[12]_iqr1-3 numeric
@attribute audSpec_Rfilt_sma_de[12]_percentile1.0 numeric
@attribute audSpec_Rfilt_sma_de[12]_percentile99.0 numeric
@attribute audSpec_Rfilt_sma_de[12]_pctlrange0-1 numeric
@attribute audSpec_Rfilt_sma_de[12]_stddev numeric
@attribute audSpec_Rfilt_sma_de[12]_skewness numeric
@attribute audSpec_Rfilt_sma_de[12]_kurtosis numeric
@attribute audSpec_Rfilt_sma_de[12]_meanSegLen numeric
@attribute audSpec_Rfilt_sma_de[12]_maxSegLen numeric
@attribute audSpec_Rfilt_sma_de[12]_minSegLen numeric
@attribute audSpec_Rfilt_sma_de[12]_segLenStddev numeric
@attribute audSpec_Rfilt_sma_de[12]_upleveltime25 numeric
@attribute audSpec_Rfilt_sma_de[12]_upleveltime50 numeric
@attribute audSpec_Rfilt_sma_de[12]_upleveltime75 numeric
@attribute audSpec_Rfilt_sma_de[12]_upleveltime90 numeric
@attribute audSpec_Rfilt_sma_de[12]_risetime numeric
@attribute audSpec_Rfilt_sma_de[12]_leftctime numeric
@attribute audSpec_Rfilt_sma_de[12]_lpgain numeric
@attribute audSpec_Rfilt_sma_de[12]_lpc0 numeric
@attribute audSpec_Rfilt_sma_de[12]_lpc1 numeric
@attribute audSpec_Rfilt_sma_de[12]_lpc2 numeric
@attribute audSpec_Rfilt_sma_de[12]_lpc3 numeric
@attribute audSpec_Rfilt_sma_de[12]_lpc4 numeric
@attribute audSpec_Rfilt_sma_de[13]_range numeric
@attribute audSpec_Rfilt_sma_de[13]_maxPos numeric
@attribute audSpec_Rfilt_sma_de[13]_minPos numeric
@attribute audSpec_Rfilt_sma_de[13]_quartile1 numeric
@attribute audSpec_Rfilt_sma_de[13]_quartile2 numeric
@attribute audSpec_Rfilt_sma_de[13]_quartile3 numeric
@attribute audSpec_Rfilt_sma_de[13]_iqr1-2 numeric
@attribute audSpec_Rfilt_sma_de[13]_iqr2-3 numeric
@attribute audSpec_Rfilt_sma_de[13]_iqr1-3 numeric
@attribute audSpec_Rfilt_sma_de[13]_percentile1.0 numeric
@attribute audSpec_Rfilt_sma_de[13]_percentile99.0 numeric
@attribute audSpec_Rfilt_sma_de[13]_pctlrange0-1 numeric
@attribute audSpec_Rfilt_sma_de[13]_stddev numeric
@attribute audSpec_Rfilt_sma_de[13]_skewness numeric
@attribute audSpec_Rfilt_sma_de[13]_kurtosis numeric
@attribute audSpec_Rfilt_sma_de[13]_meanSegLen numeric
@attribute audSpec_Rfilt_sma_de[13]_maxSegLen numeric
@attribute audSpec_Rfilt_sma_de[13]_minSegLen numeric
@attribute audSpec_Rfilt_sma_de[13]_segLenStddev numeric
@attribute audSpec_Rfilt_sma_de[13]_upleveltime25 numeric
@attribute audSpec_Rfilt_sma_de[13]_upleveltime50 numeric
@attribute audSpec_Rfilt_sma_de[13]_upleveltime75 numeric
@attribute audSpec_Rfilt_sma_de[13]_upleveltime90 numeric
@attribute audSpec_Rfilt_sma_de[13]_risetime numeric
@attribute audSpec_Rfilt_sma_de[13]_leftctime numeric
@attribute audSpec_Rfilt_sma_de[13]_lpgain numeric
@attribute audSpec_Rfilt_sma_de[13]_lpc0 numeric
@attribute audSpec_Rfilt_sma_de[13]_lpc1 numeric
@attribute audSpec_Rfilt_sma_de[13]_lpc2 numeric
@attribute audSpec_Rfilt_sma_de[13]_lpc3 numeric
@attribute audSpec_Rfilt_sma_de[13]_lpc4 numeric
@attribute audSpec_Rfilt_sma_de[14]_range numeric
@attribute audSpec_Rfilt_sma_de[14]_maxPos numeric
@attribute audSpec_Rfilt_sma_de[14]_minPos numeric
@attribute audSpec_Rfilt_sma_de[14]_quartile1 numeric
@attribute audSpec_Rfilt_sma_de[14]_quartile2 numeric
@attribute audSpec_Rfilt_sma_de[14]_quartile3 numeric
@attribute audSpec_Rfilt_sma_de[14]_iqr1-2 numeric
@attribute audSpec_Rfilt_sma_de[14]_iqr2-3 numeric
@attribute audSpec_Rfilt_sma_de[14]_iqr1-3 numeric
@attribute audSpec_Rfilt_sma_de[14]_percentile1.0 numeric
@attribute audSpec_Rfilt_sma_de[14]_percentile99.0 numeric
@attribute audSpec_Rfilt_sma_de[14]_pctlrange0-1 numeric
@attribute audSpec_Rfilt_sma_de[14]_stddev numeric
@attribute audSpec_Rfilt_sma_de[14]_skewness numeric
@attribute audSpec_Rfilt_sma_de[14]_kurtosis numeric
@attribute audSpec_Rfilt_sma_de[14]_meanSegLen numeric
@attribute audSpec_Rfilt_sma_de[14]_maxSegLen numeric
@attribute audSpec_Rfilt_sma_de[14]_minSegLen numeric
@attribute audSpec_Rfilt_sma_de[14]_segLenStddev numeric
@attribute audSpec_Rfilt_sma_de[14]_upleveltime25 numeric
@attribute audSpec_Rfilt_sma_de[14]_upleveltime50 numeric
@attribute audSpec_Rfilt_sma_de[14]_upleveltime75 numeric
@attribute audSpec_Rfilt_sma_de[14]_upleveltime90 numeric
@attribute audSpec_Rfilt_sma_de[14]_risetime numeric
@attribute audSpec_Rfilt_sma_de[14]_leftctime numeric
@attribute audSpec_Rfilt_sma_de[14]_lpgain numeric
@attribute audSpec_Rfilt_sma_de[14]_lpc0 numeric
@attribute audSpec_Rfilt_sma_de[14]_lpc1 numeric
@attribute audSpec_Rfilt_sma_de[14]_lpc2 numeric
@attribute audSpec_Rfilt_sma_de[14]_lpc3 numeric
@attribute audSpec_Rfilt_sma_de[14]_lpc4 numeric
@attribute audSpec_Rfilt_sma_de[15]_range numeric
@attribute audSpec_Rfilt_sma_de[15]_maxPos numeric
@attribute audSpec_Rfilt_sma_de[15]_minPos numeric
@attribute audSpec_Rfilt_sma_de[15]_quartile1 numeric
@attribute audSpec_Rfilt_sma_de[15]_quartile2 numeric
@attribute audSpec_Rfilt_sma_de[15]_quartile3 numeric
@attribute audSpec_Rfilt_sma_de[15]_iqr1-2 numeric
@attribute audSpec_Rfilt_sma_de[15]_iqr2-3 numeric
@attribute audSpec_Rfilt_sma_de[15]_iqr1-3 numeric
@attribute audSpec_Rfilt_sma_de[15]_percentile1.0 numeric
@attribute audSpec_Rfilt_sma_de[15]_percentile99.0 numeric
@attribute audSpec_Rfilt_sma_de[15]_pctlrange0-1 numeric
@attribute audSpec_Rfilt_sma_de[15]_stddev numeric
@attribute audSpec_Rfilt_sma_de[15]_skewness numeric
@attribute audSpec_Rfilt_sma_de[15]_kurtosis numeric
@attribute audSpec_Rfilt_sma_de[15]_meanSegLen numeric
@attribute audSpec_Rfilt_sma_de[15]_maxSegLen numeric
@attribute audSpec_Rfilt_sma_de[15]_minSegLen numeric
@attribute audSpec_Rfilt_sma_de[15]_segLenStddev numeric
@attribute audSpec_Rfilt_sma_de[15]_upleveltime25 numeric
@attribute audSpec_Rfilt_sma_de[15]_upleveltime50 numeric
@attribute audSpec_Rfilt_sma_de[15]_upleveltime75 numeric
@attribute audSpec_Rfilt_sma_de[15]_upleveltime90 numeric
@attribute audSpec_Rfilt_sma_de[15]_risetime numeric
@attribute audSpec_Rfilt_sma_de[15]_leftctime numeric
@attribute audSpec_Rfilt_sma_de[15]_lpgain numeric
@attribute audSpec_Rfilt_sma_de[15]_lpc0 numeric
@attribute audSpec_Rfilt_sma_de[15]_lpc1 numeric
@attribute audSpec_Rfilt_sma_de[15]_lpc2 numeric
@attribute audSpec_Rfilt_sma_de[15]_lpc3 numeric
@attribute audSpec_Rfilt_sma_de[15]_lpc4 numeric
@attribute audSpec_Rfilt_sma_de[16]_range numeric
@attribute audSpec_Rfilt_sma_de[16]_maxPos numeric
@attribute audSpec_Rfilt_sma_de[16]_minPos numeric
@attribute audSpec_Rfilt_sma_de[16]_quartile1 numeric
@attribute audSpec_Rfilt_sma_de[16]_quartile2 numeric
@attribute audSpec_Rfilt_sma_de[16]_quartile3 numeric
@attribute audSpec_Rfilt_sma_de[16]_iqr1-2 numeric
@attribute audSpec_Rfilt_sma_de[16]_iqr2-3 numeric
@attribute audSpec_Rfilt_sma_de[16]_iqr1-3 numeric
@attribute audSpec_Rfilt_sma_de[16]_percentile1.0 numeric
@attribute audSpec_Rfilt_sma_de[16]_percentile99.0 numeric
@attribute audSpec_Rfilt_sma_de[16]_pctlrange0-1 numeric
@attribute audSpec_Rfilt_sma_de[16]_stddev numeric
@attribute audSpec_Rfilt_sma_de[16]_skewness numeric
@attribute audSpec_Rfilt_sma_de[16]_kurtosis numeric
@attribute audSpec_Rfilt_sma_de[16]_meanSegLen numeric
@attribute audSpec_Rfilt_sma_de[16]_maxSegLen numeric
@attribute audSpec_Rfilt_sma_de[16]_minSegLen numeric
@attribute audSpec_Rfilt_sma_de[16]_segLenStddev numeric
@attribute audSpec_Rfilt_sma_de[16]_upleveltime25 numeric
@attribute audSpec_Rfilt_sma_de[16]_upleveltime50 numeric
@attribute audSpec_Rfilt_sma_de[16]_upleveltime75 numeric
@attribute audSpec_Rfilt_sma_de[16]_upleveltime90 numeric
@attribute audSpec_Rfilt_sma_de[16]_risetime numeric
@attribute audSpec_Rfilt_sma_de[16]_leftctime numeric
@attribute audSpec_Rfilt_sma_de[16]_lpgain numeric
@attribute audSpec_Rfilt_sma_de[16]_lpc0 numeric
@attribute audSpec_Rfilt_sma_de[16]_lpc1 numeric
@attribute audSpec_Rfilt_sma_de[16]_lpc2 numeric
@attribute audSpec_Rfilt_sma_de[16]_lpc3 numeric
@attribute audSpec_Rfilt_sma_de[16]_lpc4 numeric
@attribute audSpec_Rfilt_sma_de[17]_range numeric
@attribute audSpec_Rfilt_sma_de[17]_maxPos numeric
@attribute audSpec_Rfilt_sma_de[17]_minPos numeric
@attribute audSpec_Rfilt_sma_de[17]_quartile1 numeric
@attribute audSpec_Rfilt_sma_de[17]_quartile2 numeric
@attribute audSpec_Rfilt_sma_de[17]_quartile3 numeric
@attribute audSpec_Rfilt_sma_de[17]_iqr1-2 numeric
@attribute audSpec_Rfilt_sma_de[17]_iqr2-3 numeric
@attribute audSpec_Rfilt_sma_de[17]_iqr1-3 numeric
@attribute audSpec_Rfilt_sma_de[17]_percentile1.0 numeric
@attribute audSpec_Rfilt_sma_de[17]_percentile99.0 numeric
@attribute audSpec_Rfilt_sma_de[17]_pctlrange0-1 numeric
@attribute audSpec_Rfilt_sma_de[17]_stddev numeric
@attribute audSpec_Rfilt_sma_de[17]_skewness numeric
@attribute audSpec_Rfilt_sma_de[17]_kurtosis numeric
@attribute audSpec_Rfilt_sma_de[17]_meanSegLen numeric
@attribute audSpec_Rfilt_sma_de[17]_maxSegLen numeric
@attribute audSpec_Rfilt_sma_de[17]_minSegLen numeric
@attribute audSpec_Rfilt_sma_de[17]_segLenStddev numeric
@attribute audSpec_Rfilt_sma_de[17]_upleveltime25 numeric
@attribute audSpec_Rfilt_sma_de[17]_upleveltime50 numeric
@attribute audSpec_Rfilt_sma_de[17]_upleveltime75 numeric
@attribute audSpec_Rfilt_sma_de[17]_upleveltime90 numeric
@attribute audSpec_Rfilt_sma_de[17]_risetime numeric
@attribute audSpec_Rfilt_sma_de[17]_leftctime numeric
@attribute audSpec_Rfilt_sma_de[17]_lpgain numeric
@attribute audSpec_Rfilt_sma_de[17]_lpc0 numeric
@attribute audSpec_Rfilt_sma_de[17]_lpc1 numeric
@attribute audSpec_Rfilt_sma_de[17]_lpc2 numeric
@attribute audSpec_Rfilt_sma_de[17]_lpc3 numeric
@attribute audSpec_Rfilt_sma_de[17]_lpc4 numeric
@attribute audSpec_Rfilt_sma_de[18]_range numeric
@attribute audSpec_Rfilt_sma_de[18]_maxPos numeric
@attribute audSpec_Rfilt_sma_de[18]_minPos numeric
@attribute audSpec_Rfilt_sma_de[18]_quartile1 numeric
@attribute audSpec_Rfilt_sma_de[18]_quartile2 numeric
@attribute audSpec_Rfilt_sma_de[18]_quartile3 numeric
@attribute audSpec_Rfilt_sma_de[18]_iqr1-2 numeric
@attribute audSpec_Rfilt_sma_de[18]_iqr2-3 numeric
@attribute audSpec_Rfilt_sma_de[18]_iqr1-3 numeric
@attribute audSpec_Rfilt_sma_de[18]_percentile1.0 numeric
@attribute audSpec_Rfilt_sma_de[18]_percentile99.0 numeric
@attribute audSpec_Rfilt_sma_de[18]_pctlrange0-1 numeric
@attribute audSpec_Rfilt_sma_de[18]_stddev numeric
@attribute audSpec_Rfilt_sma_de[18]_skewness numeric
@attribute audSpec_Rfilt_sma_de[18]_kurtosis numeric
@attribute audSpec_Rfilt_sma_de[18]_meanSegLen numeric
@attribute audSpec_Rfilt_sma_de[18]_maxSegLen numeric
@attribute audSpec_Rfilt_sma_de[18]_minSegLen numeric
@attribute audSpec_Rfilt_sma_de[18]_segLenStddev numeric
@attribute audSpec_Rfilt_sma_de[18]_upleveltime25 numeric
@attribute audSpec_Rfilt_sma_de[18]_upleveltime50 numeric
@attribute audSpec_Rfilt_sma_de[18]_upleveltime75 numeric
@attribute audSpec_Rfilt_sma_de[18]_upleveltime90 numeric
@attribute audSpec_Rfilt_sma_de[18]_risetime numeric
@attribute audSpec_Rfilt_sma_de[18]_leftctime numeric
@attribute audSpec_Rfilt_sma_de[18]_lpgain numeric
@attribute audSpec_Rfilt_sma_de[18]_lpc0 numeric
@attribute audSpec_Rfilt_sma_de[18]_lpc1 numeric
@attribute audSpec_Rfilt_sma_de[18]_lpc2 numeric
@attribute audSpec_Rfilt_sma_de[18]_lpc3 numeric
@attribute audSpec_Rfilt_sma_de[18]_lpc4 numeric
@attribute audSpec_Rfilt_sma_de[19]_range numeric
@attribute audSpec_Rfilt_sma_de[19]_maxPos numeric
@attribute audSpec_Rfilt_sma_de[19]_minPos numeric
@attribute audSpec_Rfilt_sma_de[19]_quartile1 numeric
@attribute audSpec_Rfilt_sma_de[19]_quartile2 numeric
@attribute audSpec_Rfilt_sma_de[19]_quartile3 numeric
@attribute audSpec_Rfilt_sma_de[19]_iqr1-2 numeric
@attribute audSpec_Rfilt_sma_de[19]_iqr2-3 numeric
@attribute audSpec_Rfilt_sma_de[19]_iqr1-3 numeric
@attribute audSpec_Rfilt_sma_de[19]_percentile1.0 numeric
@attribute audSpec_Rfilt_sma_de[19]_percentile99.0 numeric
@attribute audSpec_Rfilt_sma_de[19]_pctlrange0-1 numeric
@attribute audSpec_Rfilt_sma_de[19]_stddev numeric
@attribute audSpec_Rfilt_sma_de[19]_skewness numeric
@attribute audSpec_Rfilt_sma_de[19]_kurtosis numeric
@attribute audSpec_Rfilt_sma_de[19]_meanSegLen numeric
@attribute audSpec_Rfilt_sma_de[19]_maxSegLen numeric
@attribute audSpec_Rfilt_sma_de[19]_minSegLen numeric
@attribute audSpec_Rfilt_sma_de[19]_segLenStddev numeric
@attribute audSpec_Rfilt_sma_de[19]_upleveltime25 numeric
@attribute audSpec_Rfilt_sma_de[19]_upleveltime50 numeric
@attribute audSpec_Rfilt_sma_de[19]_upleveltime75 numeric
@attribute audSpec_Rfilt_sma_de[19]_upleveltime90 numeric
@attribute audSpec_Rfilt_sma_de[19]_risetime numeric
@attribute audSpec_Rfilt_sma_de[19]_leftctime numeric
@attribute audSpec_Rfilt_sma_de[19]_lpgain numeric
@attribute audSpec_Rfilt_sma_de[19]_lpc0 numeric
@attribute audSpec_Rfilt_sma_de[19]_lpc1 numeric
@attribute audSpec_Rfilt_sma_de[19]_lpc2 numeric
@attribute audSpec_Rfilt_sma_de[19]_lpc3 numeric
@attribute audSpec_Rfilt_sma_de[19]_lpc4 numeric
@attribute audSpec_Rfilt_sma_de[20]_range numeric
@attribute audSpec_Rfilt_sma_de[20]_maxPos numeric
@attribute audSpec_Rfilt_sma_de[20]_minPos numeric
@attribute audSpec_Rfilt_sma_de[20]_quartile1 numeric
@attribute audSpec_Rfilt_sma_de[20]_quartile2 numeric
@attribute audSpec_Rfilt_sma_de[20]_quartile3 numeric
@attribute audSpec_Rfilt_sma_de[20]_iqr1-2 numeric
@attribute audSpec_Rfilt_sma_de[20]_iqr2-3 numeric
@attribute audSpec_Rfilt_sma_de[20]_iqr1-3 numeric
@attribute audSpec_Rfilt_sma_de[20]_percentile1.0 numeric
@attribute audSpec_Rfilt_sma_de[20]_percentile99.0 numeric
@attribute audSpec_Rfilt_sma_de[20]_pctlrange0-1 numeric
@attribute audSpec_Rfilt_sma_de[20]_stddev numeric
@attribute audSpec_Rfilt_sma_de[20]_skewness numeric
@attribute audSpec_Rfilt_sma_de[20]_kurtosis numeric
@attribute audSpec_Rfilt_sma_de[20]_meanSegLen numeric
@attribute audSpec_Rfilt_sma_de[20]_maxSegLen numeric
@attribute audSpec_Rfilt_sma_de[20]_minSegLen numeric
@attribute audSpec_Rfilt_sma_de[20]_segLenStddev numeric
@attribute audSpec_Rfilt_sma_de[20]_upleveltime25 numeric
@attribute audSpec_Rfilt_sma_de[20]_upleveltime50 numeric
@attribute audSpec_Rfilt_sma_de[20]_upleveltime75 numeric
@attribute audSpec_Rfilt_sma_de[20]_upleveltime90 numeric
@attribute audSpec_Rfilt_sma_de[20]_risetime numeric
@attribute audSpec_Rfilt_sma_de[20]_leftctime numeric
@attribute audSpec_Rfilt_sma_de[20]_lpgain numeric
@attribute audSpec_Rfilt_sma_de[20]_lpc0 numeric
@attribute audSpec_Rfilt_sma_de[20]_lpc1 numeric
@attribute audSpec_Rfilt_sma_de[20]_lpc2 numeric
@attribute audSpec_Rfilt_sma_de[20]_lpc3 numeric
@attribute audSpec_Rfilt_sma_de[20]_lpc4 numeric
@attribute audSpec_Rfilt_sma_de[21]_range numeric
@attribute audSpec_Rfilt_sma_de[21]_maxPos numeric
@attribute audSpec_Rfilt_sma_de[21]_minPos numeric
@attribute audSpec_Rfilt_sma_de[21]_quartile1 numeric
@attribute audSpec_Rfilt_sma_de[21]_quartile2 numeric
@attribute audSpec_Rfilt_sma_de[21]_quartile3 numeric
@attribute audSpec_Rfilt_sma_de[21]_iqr1-2 numeric
@attribute audSpec_Rfilt_sma_de[21]_iqr2-3 numeric
@attribute audSpec_Rfilt_sma_de[21]_iqr1-3 numeric
@attribute audSpec_Rfilt_sma_de[21]_percentile1.0 numeric
@attribute audSpec_Rfilt_sma_de[21]_percentile99.0 numeric
@attribute audSpec_Rfilt_sma_de[21]_pctlrange0-1 numeric
@attribute audSpec_Rfilt_sma_de[21]_stddev numeric
@attribute audSpec_Rfilt_sma_de[21]_skewness numeric
@attribute audSpec_Rfilt_sma_de[21]_kurtosis numeric
@attribute audSpec_Rfilt_sma_de[21]_meanSegLen numeric
@attribute audSpec_Rfilt_sma_de[21]_maxSegLen numeric
@attribute audSpec_Rfilt_sma_de[21]_minSegLen numeric
@attribute audSpec_Rfilt_sma_de[21]_segLenStddev numeric
@attribute audSpec_Rfilt_sma_de[21]_upleveltime25 numeric
@attribute audSpec_Rfilt_sma_de[21]_upleveltime50 numeric
@attribute audSpec_Rfilt_sma_de[21]_upleveltime75 numeric
@attribute audSpec_Rfilt_sma_de[21]_upleveltime90 numeric
@attribute audSpec_Rfilt_sma_de[21]_risetime numeric
@attribute audSpec_Rfilt_sma_de[21]_leftctime numeric
@attribute audSpec_Rfilt_sma_de[21]_lpgain numeric
@attribute audSpec_Rfilt_sma_de[21]_lpc0 numeric
@attribute audSpec_Rfilt_sma_de[21]_lpc1 numeric
@attribute audSpec_Rfilt_sma_de[21]_lpc2 numeric
@attribute audSpec_Rfilt_sma_de[21]_lpc3 numeric
@attribute audSpec_Rfilt_sma_de[21]_lpc4 numeric
@attribute audSpec_Rfilt_sma_de[22]_range numeric
@attribute audSpec_Rfilt_sma_de[22]_maxPos numeric
@attribute audSpec_Rfilt_sma_de[22]_minPos numeric
@attribute audSpec_Rfilt_sma_de[22]_quartile1 numeric
@attribute audSpec_Rfilt_sma_de[22]_quartile2 numeric
@attribute audSpec_Rfilt_sma_de[22]_quartile3 numeric
@attribute audSpec_Rfilt_sma_de[22]_iqr1-2 numeric
@attribute audSpec_Rfilt_sma_de[22]_iqr2-3 numeric
@attribute audSpec_Rfilt_sma_de[22]_iqr1-3 numeric
@attribute audSpec_Rfilt_sma_de[22]_percentile1.0 numeric
@attribute audSpec_Rfilt_sma_de[22]_percentile99.0 numeric
@attribute audSpec_Rfilt_sma_de[22]_pctlrange0-1 numeric
@attribute audSpec_Rfilt_sma_de[22]_stddev numeric
@attribute audSpec_Rfilt_sma_de[22]_skewness numeric
@attribute audSpec_Rfilt_sma_de[22]_kurtosis numeric
@attribute audSpec_Rfilt_sma_de[22]_meanSegLen numeric
@attribute audSpec_Rfilt_sma_de[22]_maxSegLen numeric
@attribute audSpec_Rfilt_sma_de[22]_minSegLen numeric
@attribute audSpec_Rfilt_sma_de[22]_segLenStddev numeric
@attribute audSpec_Rfilt_sma_de[22]_upleveltime25 numeric
@attribute audSpec_Rfilt_sma_de[22]_upleveltime50 numeric
@attribute audSpec_Rfilt_sma_de[22]_upleveltime75 numeric
@attribute audSpec_Rfilt_sma_de[22]_upleveltime90 numeric
@attribute audSpec_Rfilt_sma_de[22]_risetime numeric
@attribute audSpec_Rfilt_sma_de[22]_leftctime numeric
@attribute audSpec_Rfilt_sma_de[22]_lpgain numeric
@attribute audSpec_Rfilt_sma_de[22]_lpc0 numeric
@attribute audSpec_Rfilt_sma_de[22]_lpc1 numeric
@attribute audSpec_Rfilt_sma_de[22]_lpc2 numeric
@attribute audSpec_Rfilt_sma_de[22]_lpc3 numeric
@attribute audSpec_Rfilt_sma_de[22]_lpc4 numeric
@attribute audSpec_Rfilt_sma_de[23]_range numeric
@attribute audSpec_Rfilt_sma_de[23]_maxPos numeric
@attribute audSpec_Rfilt_sma_de[23]_minPos numeric
@attribute audSpec_Rfilt_sma_de[23]_quartile1 numeric
@attribute audSpec_Rfilt_sma_de[23]_quartile2 numeric
@attribute audSpec_Rfilt_sma_de[23]_quartile3 numeric
@attribute audSpec_Rfilt_sma_de[23]_iqr1-2 numeric
@attribute audSpec_Rfilt_sma_de[23]_iqr2-3 numeric
@attribute audSpec_Rfilt_sma_de[23]_iqr1-3 numeric
@attribute audSpec_Rfilt_sma_de[23]_percentile1.0 numeric
@attribute audSpec_Rfilt_sma_de[23]_percentile99.0 numeric
@attribute audSpec_Rfilt_sma_de[23]_pctlrange0-1 numeric
@attribute audSpec_Rfilt_sma_de[23]_stddev numeric
@attribute audSpec_Rfilt_sma_de[23]_skewness numeric
@attribute audSpec_Rfilt_sma_de[23]_kurtosis numeric
@attribute audSpec_Rfilt_sma_de[23]_meanSegLen numeric
@attribute audSpec_Rfilt_sma_de[23]_maxSegLen numeric
@attribute audSpec_Rfilt_sma_de[23]_minSegLen numeric
@attribute audSpec_Rfilt_sma_de[23]_segLenStddev numeric
@attribute audSpec_Rfilt_sma_de[23]_upleveltime25 numeric
@attribute audSpec_Rfilt_sma_de[23]_upleveltime50 numeric
@attribute audSpec_Rfilt_sma_de[23]_upleveltime75 numeric
@attribute audSpec_Rfilt_sma_de[23]_upleveltime90 numeric
@attribute audSpec_Rfilt_sma_de[23]_risetime numeric
@attribute audSpec_Rfilt_sma_de[23]_leftctime numeric
@attribute audSpec_Rfilt_sma_de[23]_lpgain numeric
@attribute audSpec_Rfilt_sma_de[23]_lpc0 numeric
@attribute audSpec_Rfilt_sma_de[23]_lpc1 numeric
@attribute audSpec_Rfilt_sma_de[23]_lpc2 numeric
@attribute audSpec_Rfilt_sma_de[23]_lpc3 numeric
@attribute audSpec_Rfilt_sma_de[23]_lpc4 numeric
@attribute audSpec_Rfilt_sma_de[24]_range numeric
@attribute audSpec_Rfilt_sma_de[24]_maxPos numeric
@attribute audSpec_Rfilt_sma_de[24]_minPos numeric
@attribute audSpec_Rfilt_sma_de[24]_quartile1 numeric
@attribute audSpec_Rfilt_sma_de[24]_quartile2 numeric
@attribute audSpec_Rfilt_sma_de[24]_quartile3 numeric
@attribute audSpec_Rfilt_sma_de[24]_iqr1-2 numeric
@attribute audSpec_Rfilt_sma_de[24]_iqr2-3 numeric
@attribute audSpec_Rfilt_sma_de[24]_iqr1-3 numeric
@attribute audSpec_Rfilt_sma_de[24]_percentile1.0 numeric
@attribute audSpec_Rfilt_sma_de[24]_percentile99.0 numeric
@attribute audSpec_Rfilt_sma_de[24]_pctlrange0-1 numeric
@attribute audSpec_Rfilt_sma_de[24]_stddev numeric
@attribute audSpec_Rfilt_sma_de[24]_skewness numeric
@attribute audSpec_Rfilt_sma_de[24]_kurtosis numeric
@attribute audSpec_Rfilt_sma_de[24]_meanSegLen numeric
@attribute audSpec_Rfilt_sma_de[24]_maxSegLen numeric
@attribute audSpec_Rfilt_sma_de[24]_minSegLen numeric
@attribute audSpec_Rfilt_sma_de[24]_segLenStddev numeric
@attribute audSpec_Rfilt_sma_de[24]_upleveltime25 numeric
@attribute audSpec_Rfilt_sma_de[24]_upleveltime50 numeric
@attribute audSpec_Rfilt_sma_de[24]_upleveltime75 numeric
@attribute audSpec_Rfilt_sma_de[24]_upleveltime90 numeric
@attribute audSpec_Rfilt_sma_de[24]_risetime numeric
@attribute audSpec_Rfilt_sma_de[24]_leftctime numeric
@attribute audSpec_Rfilt_sma_de[24]_lpgain numeric
@attribute audSpec_Rfilt_sma_de[24]_lpc0 numeric
@attribute audSpec_Rfilt_sma_de[24]_lpc1 numeric
@attribute audSpec_Rfilt_sma_de[24]_lpc2 numeric
@attribute audSpec_Rfilt_sma_de[24]_lpc3 numeric
@attribute audSpec_Rfilt_sma_de[24]_lpc4 numeric
@attribute audSpec_Rfilt_sma_de[25]_range numeric
@attribute audSpec_Rfilt_sma_de[25]_maxPos numeric
@attribute audSpec_Rfilt_sma_de[25]_minPos numeric
@attribute audSpec_Rfilt_sma_de[25]_quartile1 numeric
@attribute audSpec_Rfilt_sma_de[25]_quartile2 numeric
@attribute audSpec_Rfilt_sma_de[25]_quartile3 numeric
@attribute audSpec_Rfilt_sma_de[25]_iqr1-2 numeric
@attribute audSpec_Rfilt_sma_de[25]_iqr2-3 numeric
@attribute audSpec_Rfilt_sma_de[25]_iqr1-3 numeric
@attribute audSpec_Rfilt_sma_de[25]_percentile1.0 numeric
@attribute audSpec_Rfilt_sma_de[25]_percentile99.0 numeric
@attribute audSpec_Rfilt_sma_de[25]_pctlrange0-1 numeric
@attribute audSpec_Rfilt_sma_de[25]_stddev numeric
@attribute audSpec_Rfilt_sma_de[25]_skewness numeric
@attribute audSpec_Rfilt_sma_de[25]_kurtosis numeric
@attribute audSpec_Rfilt_sma_de[25]_meanSegLen numeric
@attribute audSpec_Rfilt_sma_de[25]_maxSegLen numeric
@attribute audSpec_Rfilt_sma_de[25]_minSegLen numeric
@attribute audSpec_Rfilt_sma_de[25]_segLenStddev numeric
@attribute audSpec_Rfilt_sma_de[25]_upleveltime25 numeric
@attribute audSpec_Rfilt_sma_de[25]_upleveltime50 numeric
@attribute audSpec_Rfilt_sma_de[25]_upleveltime75 numeric
@attribute audSpec_Rfilt_sma_de[25]_upleveltime90 numeric
@attribute audSpec_Rfilt_sma_de[25]_risetime numeric
@attribute audSpec_Rfilt_sma_de[25]_leftctime numeric
@attribute audSpec_Rfilt_sma_de[25]_lpgain numeric
@attribute audSpec_Rfilt_sma_de[25]_lpc0 numeric
@attribute audSpec_Rfilt_sma_de[25]_lpc1 numeric
@attribute audSpec_Rfilt_sma_de[25]_lpc2 numeric
@attribute audSpec_Rfilt_sma_de[25]_lpc3 numeric
@attribute audSpec_Rfilt_sma_de[25]_lpc4 numeric
@attribute pcm_fftMag_fband250-650_sma_de_range numeric
@attribute pcm_fftMag_fband250-650_sma_de_maxPos numeric
@attribute pcm_fftMag_fband250-650_sma_de_minPos numeric
@attribute pcm_fftMag_fband250-650_sma_de_quartile1 numeric
@attribute pcm_fftMag_fband250-650_sma_de_quartile2 numeric
@attribute pcm_fftMag_fband250-650_sma_de_quartile3 numeric
@attribute pcm_fftMag_fband250-650_sma_de_iqr1-2 numeric
@attribute pcm_fftMag_fband250-650_sma_de_iqr2-3 numeric
@attribute pcm_fftMag_fband250-650_sma_de_iqr1-3 numeric
@attribute pcm_fftMag_fband250-650_sma_de_percentile1.0 numeric
@attribute pcm_fftMag_fband250-650_sma_de_percentile99.0 numeric
@attribute pcm_fftMag_fband250-650_sma_de_pctlrange0-1 numeric
@attribute pcm_fftMag_fband250-650_sma_de_stddev numeric
@attribute pcm_fftMag_fband250-650_sma_de_skewness numeric
@attribute pcm_fftMag_fband250-650_sma_de_kurtosis numeric
@attribute pcm_fftMag_fband250-650_sma_de_meanSegLen numeric
@attribute pcm_fftMag_fband250-650_sma_de_maxSegLen numeric
@attribute pcm_fftMag_fband250-650_sma_de_minSegLen numeric
@attribute pcm_fftMag_fband250-650_sma_de_segLenStddev numeric
@attribute pcm_fftMag_fband250-650_sma_de_upleveltime25 numeric
@attribute pcm_fftMag_fband250-650_sma_de_upleveltime50 numeric
@attribute pcm_fftMag_fband250-650_sma_de_upleveltime75 numeric
@attribute pcm_fftMag_fband250-650_sma_de_upleveltime90 numeric
@attribute pcm_fftMag_fband250-650_sma_de_risetime numeric
@attribute pcm_fftMag_fband250-650_sma_de_leftctime numeric
@attribute pcm_fftMag_fband250-650_sma_de_lpgain numeric
@attribute pcm_fftMag_fband250-650_sma_de_lpc0 numeric
@attribute pcm_fftMag_fband250-650_sma_de_lpc1 numeric
@attribute pcm_fftMag_fband250-650_sma_de_lpc2 numeric
@attribute pcm_fftMag_fband250-650_sma_de_lpc3 numeric
@attribute pcm_fftMag_fband250-650_sma_de_lpc4 numeric
@attribute pcm_fftMag_fband1000-4000_sma_de_range numeric
@attribute pcm_fftMag_fband1000-4000_sma_de_maxPos numeric
@attribute pcm_fftMag_fband1000-4000_sma_de_minPos numeric
@attribute pcm_fftMag_fband1000-4000_sma_de_quartile1 numeric
@attribute pcm_fftMag_fband1000-4000_sma_de_quartile2 numeric
@attribute pcm_fftMag_fband1000-4000_sma_de_quartile3 numeric
@attribute pcm_fftMag_fband1000-4000_sma_de_iqr1-2 numeric
@attribute pcm_fftMag_fband1000-4000_sma_de_iqr2-3 numeric
@attribute pcm_fftMag_fband1000-4000_sma_de_iqr1-3 numeric
@attribute pcm_fftMag_fband1000-4000_sma_de_percentile1.0 numeric
@attribute pcm_fftMag_fband1000-4000_sma_de_percentile99.0 numeric
@attribute pcm_fftMag_fband1000-4000_sma_de_pctlrange0-1 numeric
@attribute pcm_fftMag_fband1000-4000_sma_de_stddev numeric
@attribute pcm_fftMag_fband1000-4000_sma_de_skewness numeric
@attribute pcm_fftMag_fband1000-4000_sma_de_kurtosis numeric
@attribute pcm_fftMag_fband1000-4000_sma_de_meanSegLen numeric
@attribute pcm_fftMag_fband1000-4000_sma_de_maxSegLen numeric
@attribute pcm_fftMag_fband1000-4000_sma_de_minSegLen numeric
@attribute pcm_fftMag_fband1000-4000_sma_de_segLenStddev numeric
@attribute pcm_fftMag_fband1000-4000_sma_de_upleveltime25 numeric
@attribute pcm_fftMag_fband1000-4000_sma_de_upleveltime50 numeric
@attribute pcm_fftMag_fband1000-4000_sma_de_upleveltime75 numeric
@attribute pcm_fftMag_fband1000-4000_sma_de_upleveltime90 numeric
@attribute pcm_fftMag_fband1000-4000_sma_de_risetime numeric
@attribute pcm_fftMag_fband1000-4000_sma_de_leftctime numeric
@attribute pcm_fftMag_fband1000-4000_sma_de_lpgain numeric
@attribute pcm_fftMag_fband1000-4000_sma_de_lpc0 numeric
@attribute pcm_fftMag_fband1000-4000_sma_de_lpc1 numeric
@attribute pcm_fftMag_fband1000-4000_sma_de_lpc2 numeric
@attribute pcm_fftMag_fband1000-4000_sma_de_lpc3 numeric
@attribute pcm_fftMag_fband1000-4000_sma_de_lpc4 numeric
@attribute pcm_fftMag_spectralRollOff25.0_sma_de_range numeric
@attribute pcm_fftMag_spectralRollOff25.0_sma_de_maxPos numeric
@attribute pcm_fftMag_spectralRollOff25.0_sma_de_minPos numeric
@attribute pcm_fftMag_spectralRollOff25.0_sma_de_quartile1 numeric
@attribute pcm_fftMag_spectralRollOff25.0_sma_de_quartile2 numeric
@attribute pcm_fftMag_spectralRollOff25.0_sma_de_quartile3 numeric
@attribute pcm_fftMag_spectralRollOff25.0_sma_de_iqr1-2 numeric
@attribute pcm_fftMag_spectralRollOff25.0_sma_de_iqr2-3 numeric
@attribute pcm_fftMag_spectralRollOff25.0_sma_de_iqr1-3 numeric
@attribute pcm_fftMag_spectralRollOff25.0_sma_de_percentile1.0 numeric
@attribute pcm_fftMag_spectralRollOff25.0_sma_de_percentile99.0 numeric
@attribute pcm_fftMag_spectralRollOff25.0_sma_de_pctlrange0-1 numeric
@attribute pcm_fftMag_spectralRollOff25.0_sma_de_stddev numeric
@attribute pcm_fftMag_spectralRollOff25.0_sma_de_skewness numeric
@attribute pcm_fftMag_spectralRollOff25.0_sma_de_kurtosis numeric
@attribute pcm_fftMag_spectralRollOff25.0_sma_de_meanSegLen numeric
@attribute pcm_fftMag_spectralRollOff25.0_sma_de_maxSegLen numeric
@attribute pcm_fftMag_spectralRollOff25.0_sma_de_minSegLen numeric
@attribute pcm_fftMag_spectralRollOff25.0_sma_de_segLenStddev numeric
@attribute pcm_fftMag_spectralRollOff25.0_sma_de_upleveltime25 numeric
@attribute pcm_fftMag_spectralRollOff25.0_sma_de_upleveltime50 numeric
@attribute pcm_fftMag_spectralRollOff25.0_sma_de_upleveltime75 numeric
@attribute pcm_fftMag_spectralRollOff25.0_sma_de_upleveltime90 numeric
@attribute pcm_fftMag_spectralRollOff25.0_sma_de_risetime numeric
@attribute pcm_fftMag_spectralRollOff25.0_sma_de_leftctime numeric
@attribute pcm_fftMag_spectralRollOff25.0_sma_de_lpgain numeric
@attribute pcm_fftMag_spectralRollOff25.0_sma_de_lpc0 numeric
@attribute pcm_fftMag_spectralRollOff25.0_sma_de_lpc1 numeric
@attribute pcm_fftMag_spectralRollOff25.0_sma_de_lpc2 numeric
@attribute pcm_fftMag_spectralRollOff25.0_sma_de_lpc3 numeric
@attribute pcm_fftMag_spectralRollOff25.0_sma_de_lpc4 numeric
@attribute pcm_fftMag_spectralRollOff50.0_sma_de_range numeric
@attribute pcm_fftMag_spectralRollOff50.0_sma_de_maxPos numeric
@attribute pcm_fftMag_spectralRollOff50.0_sma_de_minPos numeric
@attribute pcm_fftMag_spectralRollOff50.0_sma_de_quartile1 numeric
@attribute pcm_fftMag_spectralRollOff50.0_sma_de_quartile2 numeric
@attribute pcm_fftMag_spectralRollOff50.0_sma_de_quartile3 numeric
@attribute pcm_fftMag_spectralRollOff50.0_sma_de_iqr1-2 numeric
@attribute pcm_fftMag_spectralRollOff50.0_sma_de_iqr2-3 numeric
@attribute pcm_fftMag_spectralRollOff50.0_sma_de_iqr1-3 numeric
@attribute pcm_fftMag_spectralRollOff50.0_sma_de_percentile1.0 numeric
@attribute pcm_fftMag_spectralRollOff50.0_sma_de_percentile99.0 numeric
@attribute pcm_fftMag_spectralRollOff50.0_sma_de_pctlrange0-1 numeric
@attribute pcm_fftMag_spectralRollOff50.0_sma_de_stddev numeric
@attribute pcm_fftMag_spectralRollOff50.0_sma_de_skewness numeric
@attribute pcm_fftMag_spectralRollOff50.0_sma_de_kurtosis numeric
@attribute pcm_fftMag_spectralRollOff50.0_sma_de_meanSegLen numeric
@attribute pcm_fftMag_spectralRollOff50.0_sma_de_maxSegLen numeric
@attribute pcm_fftMag_spectralRollOff50.0_sma_de_minSegLen numeric
@attribute pcm_fftMag_spectralRollOff50.0_sma_de_segLenStddev numeric
@attribute pcm_fftMag_spectralRollOff50.0_sma_de_upleveltime25 numeric
@attribute pcm_fftMag_spectralRollOff50.0_sma_de_upleveltime50 numeric
@attribute pcm_fftMag_spectralRollOff50.0_sma_de_upleveltime75 numeric
@attribute pcm_fftMag_spectralRollOff50.0_sma_de_upleveltime90 numeric
@attribute pcm_fftMag_spectralRollOff50.0_sma_de_risetime numeric
@attribute pcm_fftMag_spectralRollOff50.0_sma_de_leftctime numeric
@attribute pcm_fftMag_spectralRollOff50.0_sma_de_lpgain numeric
@attribute pcm_fftMag_spectralRollOff50.0_sma_de_lpc0 numeric
@attribute pcm_fftMag_spectralRollOff50.0_sma_de_lpc1 numeric
@attribute pcm_fftMag_spectralRollOff50.0_sma_de_lpc2 numeric
@attribute pcm_fftMag_spectralRollOff50.0_sma_de_lpc3 numeric
@attribute pcm_fftMag_spectralRollOff50.0_sma_de_lpc4 numeric
@attribute pcm_fftMag_spectralRollOff75.0_sma_de_range numeric
@attribute pcm_fftMag_spectralRollOff75.0_sma_de_maxPos numeric
@attribute pcm_fftMag_spectralRollOff75.0_sma_de_minPos numeric
@attribute pcm_fftMag_spectralRollOff75.0_sma_de_quartile1 numeric
@attribute pcm_fftMag_spectralRollOff75.0_sma_de_quartile2 numeric
@attribute pcm_fftMag_spectralRollOff75.0_sma_de_quartile3 numeric
@attribute pcm_fftMag_spectralRollOff75.0_sma_de_iqr1-2 numeric
@attribute pcm_fftMag_spectralRollOff75.0_sma_de_iqr2-3 numeric
@attribute pcm_fftMag_spectralRollOff75.0_sma_de_iqr1-3 numeric
@attribute pcm_fftMag_spectralRollOff75.0_sma_de_percentile1.0 numeric
@attribute pcm_fftMag_spectralRollOff75.0_sma_de_percentile99.0 numeric
@attribute pcm_fftMag_spectralRollOff75.0_sma_de_pctlrange0-1 numeric
@attribute pcm_fftMag_spectralRollOff75.0_sma_de_stddev numeric
@attribute pcm_fftMag_spectralRollOff75.0_sma_de_skewness numeric
@attribute pcm_fftMag_spectralRollOff75.0_sma_de_kurtosis numeric
@attribute pcm_fftMag_spectralRollOff75.0_sma_de_meanSegLen numeric
@attribute pcm_fftMag_spectralRollOff75.0_sma_de_maxSegLen numeric
@attribute pcm_fftMag_spectralRollOff75.0_sma_de_minSegLen numeric
@attribute pcm_fftMag_spectralRollOff75.0_sma_de_segLenStddev numeric
@attribute pcm_fftMag_spectralRollOff75.0_sma_de_upleveltime25 numeric
@attribute pcm_fftMag_spectralRollOff75.0_sma_de_upleveltime50 numeric
@attribute pcm_fftMag_spectralRollOff75.0_sma_de_upleveltime75 numeric
@attribute pcm_fftMag_spectralRollOff75.0_sma_de_upleveltime90 numeric
@attribute pcm_fftMag_spectralRollOff75.0_sma_de_risetime numeric
@attribute pcm_fftMag_spectralRollOff75.0_sma_de_leftctime numeric
@attribute pcm_fftMag_spectralRollOff75.0_sma_de_lpgain numeric
@attribute pcm_fftMag_spectralRollOff75.0_sma_de_lpc0 numeric
@attribute pcm_fftMag_spectralRollOff75.0_sma_de_lpc1 numeric
@attribute pcm_fftMag_spectralRollOff75.0_sma_de_lpc2 numeric
@attribute pcm_fftMag_spectralRollOff75.0_sma_de_lpc3 numeric
@attribute pcm_fftMag_spectralRollOff75.0_sma_de_lpc4 numeric
@attribute pcm_fftMag_spectralRollOff90.0_sma_de_range numeric
@attribute pcm_fftMag_spectralRollOff90.0_sma_de_maxPos numeric
@attribute pcm_fftMag_spectralRollOff90.0_sma_de_minPos numeric
@attribute pcm_fftMag_spectralRollOff90.0_sma_de_quartile1 numeric
@attribute pcm_fftMag_spectralRollOff90.0_sma_de_quartile2 numeric
@attribute pcm_fftMag_spectralRollOff90.0_sma_de_quartile3 numeric
@attribute pcm_fftMag_spectralRollOff90.0_sma_de_iqr1-2 numeric
@attribute pcm_fftMag_spectralRollOff90.0_sma_de_iqr2-3 numeric
@attribute pcm_fftMag_spectralRollOff90.0_sma_de_iqr1-3 numeric
@attribute pcm_fftMag_spectralRollOff90.0_sma_de_percentile1.0 numeric
@attribute pcm_fftMag_spectralRollOff90.0_sma_de_percentile99.0 numeric
@attribute pcm_fftMag_spectralRollOff90.0_sma_de_pctlrange0-1 numeric
@attribute pcm_fftMag_spectralRollOff90.0_sma_de_stddev numeric
@attribute pcm_fftMag_spectralRollOff90.0_sma_de_skewness numeric
@attribute pcm_fftMag_spectralRollOff90.0_sma_de_kurtosis numeric
@attribute pcm_fftMag_spectralRollOff90.0_sma_de_meanSegLen numeric
@attribute pcm_fftMag_spectralRollOff90.0_sma_de_maxSegLen numeric
@attribute pcm_fftMag_spectralRollOff90.0_sma_de_minSegLen numeric
@attribute pcm_fftMag_spectralRollOff90.0_sma_de_segLenStddev numeric
@attribute pcm_fftMag_spectralRollOff90.0_sma_de_upleveltime25 numeric
@attribute pcm_fftMag_spectralRollOff90.0_sma_de_upleveltime50 numeric
@attribute pcm_fftMag_spectralRollOff90.0_sma_de_upleveltime75 numeric
@attribute pcm_fftMag_spectralRollOff90.0_sma_de_upleveltime90 numeric
@attribute pcm_fftMag_spectralRollOff90.0_sma_de_risetime numeric
@attribute pcm_fftMag_spectralRollOff90.0_sma_de_leftctime numeric
@attribute pcm_fftMag_spectralRollOff90.0_sma_de_lpgain numeric
@attribute pcm_fftMag_spectralRollOff90.0_sma_de_lpc0 numeric
@attribute pcm_fftMag_spectralRollOff90.0_sma_de_lpc1 numeric
@attribute pcm_fftMag_spectralRollOff90.0_sma_de_lpc2 numeric
@attribute pcm_fftMag_spectralRollOff90.0_sma_de_lpc3 numeric
@attribute pcm_fftMag_spectralRollOff90.0_sma_de_lpc4 numeric
@attribute pcm_fftMag_spectralFlux_sma_de_range numeric
@attribute pcm_fftMag_spectralFlux_sma_de_maxPos numeric
@attribute pcm_fftMag_spectralFlux_sma_de_minPos numeric
@attribute pcm_fftMag_spectralFlux_sma_de_quartile1 numeric
@attribute pcm_fftMag_spectralFlux_sma_de_quartile2 numeric
@attribute pcm_fftMag_spectralFlux_sma_de_quartile3 numeric
@attribute pcm_fftMag_spectralFlux_sma_de_iqr1-2 numeric
@attribute pcm_fftMag_spectralFlux_sma_de_iqr2-3 numeric
@attribute pcm_fftMag_spectralFlux_sma_de_iqr1-3 numeric
@attribute pcm_fftMag_spectralFlux_sma_de_percentile1.0 numeric
@attribute pcm_fftMag_spectralFlux_sma_de_percentile99.0 numeric
@attribute pcm_fftMag_spectralFlux_sma_de_pctlrange0-1 numeric
@attribute pcm_fftMag_spectralFlux_sma_de_stddev numeric
@attribute pcm_fftMag_spectralFlux_sma_de_skewness numeric
@attribute pcm_fftMag_spectralFlux_sma_de_kurtosis numeric
@attribute pcm_fftMag_spectralFlux_sma_de_meanSegLen numeric
@attribute pcm_fftMag_spectralFlux_sma_de_maxSegLen numeric
@attribute pcm_fftMag_spectralFlux_sma_de_minSegLen numeric
@attribute pcm_fftMag_spectralFlux_sma_de_segLenStddev numeric
@attribute pcm_fftMag_spectralFlux_sma_de_upleveltime25 numeric
@attribute pcm_fftMag_spectralFlux_sma_de_upleveltime50 numeric
@attribute pcm_fftMag_spectralFlux_sma_de_upleveltime75 numeric
@attribute pcm_fftMag_spectralFlux_sma_de_upleveltime90 numeric
@attribute pcm_fftMag_spectralFlux_sma_de_risetime numeric
@attribute pcm_fftMag_spectralFlux_sma_de_leftctime numeric
@attribute pcm_fftMag_spectralFlux_sma_de_lpgain numeric
@attribute pcm_fftMag_spectralFlux_sma_de_lpc0 numeric
@attribute pcm_fftMag_spectralFlux_sma_de_lpc1 numeric
@attribute pcm_fftMag_spectralFlux_sma_de_lpc2 numeric
@attribute pcm_fftMag_spectralFlux_sma_de_lpc3 numeric
@attribute pcm_fftMag_spectralFlux_sma_de_lpc4 numeric
@attribute pcm_fftMag_spectralCentroid_sma_de_range numeric
@attribute pcm_fftMag_spectralCentroid_sma_de_maxPos numeric
@attribute pcm_fftMag_spectralCentroid_sma_de_minPos numeric
@attribute pcm_fftMag_spectralCentroid_sma_de_quartile1 numeric
@attribute pcm_fftMag_spectralCentroid_sma_de_quartile2 numeric
@attribute pcm_fftMag_spectralCentroid_sma_de_quartile3 numeric
@attribute pcm_fftMag_spectralCentroid_sma_de_iqr1-2 numeric
@attribute pcm_fftMag_spectralCentroid_sma_de_iqr2-3 numeric
@attribute pcm_fftMag_spectralCentroid_sma_de_iqr1-3 numeric
@attribute pcm_fftMag_spectralCentroid_sma_de_percentile1.0 numeric
@attribute pcm_fftMag_spectralCentroid_sma_de_percentile99.0 numeric
@attribute pcm_fftMag_spectralCentroid_sma_de_pctlrange0-1 numeric
@attribute pcm_fftMag_spectralCentroid_sma_de_stddev numeric
@attribute pcm_fftMag_spectralCentroid_sma_de_skewness numeric
@attribute pcm_fftMag_spectralCentroid_sma_de_kurtosis numeric
@attribute pcm_fftMag_spectralCentroid_sma_de_meanSegLen numeric
@attribute pcm_fftMag_spectralCentroid_sma_de_maxSegLen numeric
@attribute pcm_fftMag_spectralCentroid_sma_de_minSegLen numeric
@attribute pcm_fftMag_spectralCentroid_sma_de_segLenStddev numeric
@attribute pcm_fftMag_spectralCentroid_sma_de_upleveltime25 numeric
@attribute pcm_fftMag_spectralCentroid_sma_de_upleveltime50 numeric
@attribute pcm_fftMag_spectralCentroid_sma_de_upleveltime75 numeric
@attribute pcm_fftMag_spectralCentroid_sma_de_upleveltime90 numeric
@attribute pcm_fftMag_spectralCentroid_sma_de_risetime numeric
@attribute pcm_fftMag_spectralCentroid_sma_de_leftctime numeric
@attribute pcm_fftMag_spectralCentroid_sma_de_lpgain numeric
@attribute pcm_fftMag_spectralCentroid_sma_de_lpc0 numeric
@attribute pcm_fftMag_spectralCentroid_sma_de_lpc1 numeric
@attribute pcm_fftMag_spectralCentroid_sma_de_lpc2 numeric
@attribute pcm_fftMag_spectralCentroid_sma_de_lpc3 numeric
@attribute pcm_fftMag_spectralCentroid_sma_de_lpc4 numeric
@attribute pcm_fftMag_spectralEntropy_sma_de_range numeric
@attribute pcm_fftMag_spectralEntropy_sma_de_maxPos numeric
@attribute pcm_fftMag_spectralEntropy_sma_de_minPos numeric
@attribute pcm_fftMag_spectralEntropy_sma_de_quartile1 numeric
@attribute pcm_fftMag_spectralEntropy_sma_de_quartile2 numeric
@attribute pcm_fftMag_spectralEntropy_sma_de_quartile3 numeric
@attribute pcm_fftMag_spectralEntropy_sma_de_iqr1-2 numeric
@attribute pcm_fftMag_spectralEntropy_sma_de_iqr2-3 numeric
@attribute pcm_fftMag_spectralEntropy_sma_de_iqr1-3 numeric
@attribute pcm_fftMag_spectralEntropy_sma_de_percentile1.0 numeric
@attribute pcm_fftMag_spectralEntropy_sma_de_percentile99.0 numeric
@attribute pcm_fftMag_spectralEntropy_sma_de_pctlrange0-1 numeric
@attribute pcm_fftMag_spectralEntropy_sma_de_stddev numeric
@attribute pcm_fftMag_spectralEntropy_sma_de_skewness numeric
@attribute pcm_fftMag_spectralEntropy_sma_de_kurtosis numeric
@attribute pcm_fftMag_spectralEntropy_sma_de_meanSegLen numeric
@attribute pcm_fftMag_spectralEntropy_sma_de_maxSegLen numeric
@attribute pcm_fftMag_spectralEntropy_sma_de_minSegLen numeric
@attribute pcm_fftMag_spectralEntropy_sma_de_segLenStddev numeric
@attribute pcm_fftMag_spectralEntropy_sma_de_upleveltime25 numeric
@attribute pcm_fftMag_spectralEntropy_sma_de_upleveltime50 numeric
@attribute pcm_fftMag_spectralEntropy_sma_de_upleveltime75 numeric
@attribute pcm_fftMag_spectralEntropy_sma_de_upleveltime90 numeric
@attribute pcm_fftMag_spectralEntropy_sma_de_risetime numeric
@attribute pcm_fftMag_spectralEntropy_sma_de_leftctime numeric
@attribute pcm_fftMag_spectralEntropy_sma_de_lpgain numeric
@attribute pcm_fftMag_spectralEntropy_sma_de_lpc0 numeric
@attribute pcm_fftMag_spectralEntropy_sma_de_lpc1 numeric
@attribute pcm_fftMag_spectralEntropy_sma_de_lpc2 numeric
@attribute pcm_fftMag_spectralEntropy_sma_de_lpc3 numeric
@attribute pcm_fftMag_spectralEntropy_sma_de_lpc4 numeric
@attribute pcm_fftMag_spectralVariance_sma_de_range numeric
@attribute pcm_fftMag_spectralVariance_sma_de_maxPos numeric
@attribute pcm_fftMag_spectralVariance_sma_de_minPos numeric
@attribute pcm_fftMag_spectralVariance_sma_de_quartile1 numeric
@attribute pcm_fftMag_spectralVariance_sma_de_quartile2 numeric
@attribute pcm_fftMag_spectralVariance_sma_de_quartile3 numeric
@attribute pcm_fftMag_spectralVariance_sma_de_iqr1-2 numeric
@attribute pcm_fftMag_spectralVariance_sma_de_iqr2-3 numeric
@attribute pcm_fftMag_spectralVariance_sma_de_iqr1-3 numeric
@attribute pcm_fftMag_spectralVariance_sma_de_percentile1.0 numeric
@attribute pcm_fftMag_spectralVariance_sma_de_percentile99.0 numeric
@attribute pcm_fftMag_spectralVariance_sma_de_pctlrange0-1 numeric
@attribute pcm_fftMag_spectralVariance_sma_de_stddev numeric
@attribute pcm_fftMag_spectralVariance_sma_de_skewness numeric
@attribute pcm_fftMag_spectralVariance_sma_de_kurtosis numeric
@attribute pcm_fftMag_spectralVariance_sma_de_meanSegLen numeric
@attribute pcm_fftMag_spectralVariance_sma_de_maxSegLen numeric
@attribute pcm_fftMag_spectralVariance_sma_de_minSegLen numeric
@attribute pcm_fftMag_spectralVariance_sma_de_segLenStddev numeric
@attribute pcm_fftMag_spectralVariance_sma_de_upleveltime25 numeric
@attribute pcm_fftMag_spectralVariance_sma_de_upleveltime50 numeric
@attribute pcm_fftMag_spectralVariance_sma_de_upleveltime75 numeric
@attribute pcm_fftMag_spectralVariance_sma_de_upleveltime90 numeric
@attribute pcm_fftMag_spectralVariance_sma_de_risetime numeric
@attribute pcm_fftMag_spectralVariance_sma_de_leftctime numeric
@attribute pcm_fftMag_spectralVariance_sma_de_lpgain numeric
@attribute pcm_fftMag_spectralVariance_sma_de_lpc0 numeric
@attribute pcm_fftMag_spectralVariance_sma_de_lpc1 numeric
@attribute pcm_fftMag_spectralVariance_sma_de_lpc2 numeric
@attribute pcm_fftMag_spectralVariance_sma_de_lpc3 numeric
@attribute pcm_fftMag_spectralVariance_sma_de_lpc4 numeric
@attribute pcm_fftMag_spectralSkewness_sma_de_range numeric
@attribute pcm_fftMag_spectralSkewness_sma_de_maxPos numeric
@attribute pcm_fftMag_spectralSkewness_sma_de_minPos numeric
@attribute pcm_fftMag_spectralSkewness_sma_de_quartile1 numeric
@attribute pcm_fftMag_spectralSkewness_sma_de_quartile2 numeric
@attribute pcm_fftMag_spectralSkewness_sma_de_quartile3 numeric
@attribute pcm_fftMag_spectralSkewness_sma_de_iqr1-2 numeric
@attribute pcm_fftMag_spectralSkewness_sma_de_iqr2-3 numeric
@attribute pcm_fftMag_spectralSkewness_sma_de_iqr1-3 numeric
@attribute pcm_fftMag_spectralSkewness_sma_de_percentile1.0 numeric
@attribute pcm_fftMag_spectralSkewness_sma_de_percentile99.0 numeric
@attribute pcm_fftMag_spectralSkewness_sma_de_pctlrange0-1 numeric
@attribute pcm_fftMag_spectralSkewness_sma_de_stddev numeric
@attribute pcm_fftMag_spectralSkewness_sma_de_skewness numeric
@attribute pcm_fftMag_spectralSkewness_sma_de_kurtosis numeric
@attribute pcm_fftMag_spectralSkewness_sma_de_meanSegLen numeric
@attribute pcm_fftMag_spectralSkewness_sma_de_maxSegLen numeric
@attribute pcm_fftMag_spectralSkewness_sma_de_minSegLen numeric
@attribute pcm_fftMag_spectralSkewness_sma_de_segLenStddev numeric
@attribute pcm_fftMag_spectralSkewness_sma_de_upleveltime25 numeric
@attribute pcm_fftMag_spectralSkewness_sma_de_upleveltime50 numeric
@attribute pcm_fftMag_spectralSkewness_sma_de_upleveltime75 numeric
@attribute pcm_fftMag_spectralSkewness_sma_de_upleveltime90 numeric
@attribute pcm_fftMag_spectralSkewness_sma_de_risetime numeric
@attribute pcm_fftMag_spectralSkewness_sma_de_leftctime numeric
@attribute pcm_fftMag_spectralSkewness_sma_de_lpgain numeric
@attribute pcm_fftMag_spectralSkewness_sma_de_lpc0 numeric
@attribute pcm_fftMag_spectralSkewness_sma_de_lpc1 numeric
@attribute pcm_fftMag_spectralSkewness_sma_de_lpc2 numeric
@attribute pcm_fftMag_spectralSkewness_sma_de_lpc3 numeric
@attribute pcm_fftMag_spectralSkewness_sma_de_lpc4 numeric
@attribute pcm_fftMag_spectralKurtosis_sma_de_range numeric
@attribute pcm_fftMag_spectralKurtosis_sma_de_maxPos numeric
@attribute pcm_fftMag_spectralKurtosis_sma_de_minPos numeric
@attribute pcm_fftMag_spectralKurtosis_sma_de_quartile1 numeric
@attribute pcm_fftMag_spectralKurtosis_sma_de_quartile2 numeric
@attribute pcm_fftMag_spectralKurtosis_sma_de_quartile3 numeric
@attribute pcm_fftMag_spectralKurtosis_sma_de_iqr1-2 numeric
@attribute pcm_fftMag_spectralKurtosis_sma_de_iqr2-3 numeric
@attribute pcm_fftMag_spectralKurtosis_sma_de_iqr1-3 numeric
@attribute pcm_fftMag_spectralKurtosis_sma_de_percentile1.0 numeric
@attribute pcm_fftMag_spectralKurtosis_sma_de_percentile99.0 numeric
@attribute pcm_fftMag_spectralKurtosis_sma_de_pctlrange0-1 numeric
@attribute pcm_fftMag_spectralKurtosis_sma_de_stddev numeric
@attribute pcm_fftMag_spectralKurtosis_sma_de_skewness numeric
@attribute pcm_fftMag_spectralKurtosis_sma_de_kurtosis numeric
@attribute pcm_fftMag_spectralKurtosis_sma_de_meanSegLen numeric
@attribute pcm_fftMag_spectralKurtosis_sma_de_maxSegLen numeric
@attribute pcm_fftMag_spectralKurtosis_sma_de_minSegLen numeric
@attribute pcm_fftMag_spectralKurtosis_sma_de_segLenStddev numeric
@attribute pcm_fftMag_spectralKurtosis_sma_de_upleveltime25 numeric
@attribute pcm_fftMag_spectralKurtosis_sma_de_upleveltime50 numeric
@attribute pcm_fftMag_spectralKurtosis_sma_de_upleveltime75 numeric
@attribute pcm_fftMag_spectralKurtosis_sma_de_upleveltime90 numeric
@attribute pcm_fftMag_spectralKurtosis_sma_de_risetime numeric
@attribute pcm_fftMag_spectralKurtosis_sma_de_leftctime numeric
@attribute pcm_fftMag_spectralKurtosis_sma_de_lpgain numeric
@attribute pcm_fftMag_spectralKurtosis_sma_de_lpc0 numeric
@attribute pcm_fftMag_spectralKurtosis_sma_de_lpc1 numeric
@attribute pcm_fftMag_spectralKurtosis_sma_de_lpc2 numeric
@attribute pcm_fftMag_spectralKurtosis_sma_de_lpc3 numeric
@attribute pcm_fftMag_spectralKurtosis_sma_de_lpc4 numeric
@attribute pcm_fftMag_spectralSlope_sma_de_range numeric
@attribute pcm_fftMag_spectralSlope_sma_de_maxPos numeric
@attribute pcm_fftMag_spectralSlope_sma_de_minPos numeric
@attribute pcm_fftMag_spectralSlope_sma_de_quartile1 numeric
@attribute pcm_fftMag_spectralSlope_sma_de_quartile2 numeric
@attribute pcm_fftMag_spectralSlope_sma_de_quartile3 numeric
@attribute pcm_fftMag_spectralSlope_sma_de_iqr1-2 numeric
@attribute pcm_fftMag_spectralSlope_sma_de_iqr2-3 numeric
@attribute pcm_fftMag_spectralSlope_sma_de_iqr1-3 numeric
@attribute pcm_fftMag_spectralSlope_sma_de_percentile1.0 numeric
@attribute pcm_fftMag_spectralSlope_sma_de_percentile99.0 numeric
@attribute pcm_fftMag_spectralSlope_sma_de_pctlrange0-1 numeric
@attribute pcm_fftMag_spectralSlope_sma_de_stddev numeric
@attribute pcm_fftMag_spectralSlope_sma_de_skewness numeric
@attribute pcm_fftMag_spectralSlope_sma_de_kurtosis numeric
@attribute pcm_fftMag_spectralSlope_sma_de_meanSegLen numeric
@attribute pcm_fftMag_spectralSlope_sma_de_maxSegLen numeric
@attribute pcm_fftMag_spectralSlope_sma_de_minSegLen numeric
@attribute pcm_fftMag_spectralSlope_sma_de_segLenStddev numeric
@attribute pcm_fftMag_spectralSlope_sma_de_upleveltime25 numeric
@attribute pcm_fftMag_spectralSlope_sma_de_upleveltime50 numeric
@attribute pcm_fftMag_spectralSlope_sma_de_upleveltime75 numeric
@attribute pcm_fftMag_spectralSlope_sma_de_upleveltime90 numeric
@attribute pcm_fftMag_spectralSlope_sma_de_risetime numeric
@attribute pcm_fftMag_spectralSlope_sma_de_leftctime numeric
@attribute pcm_fftMag_spectralSlope_sma_de_lpgain numeric
@attribute pcm_fftMag_spectralSlope_sma_de_lpc0 numeric
@attribute pcm_fftMag_spectralSlope_sma_de_lpc1 numeric
@attribute pcm_fftMag_spectralSlope_sma_de_lpc2 numeric
@attribute pcm_fftMag_spectralSlope_sma_de_lpc3 numeric
@attribute pcm_fftMag_spectralSlope_sma_de_lpc4 numeric
@attribute pcm_fftMag_psySharpness_sma_de_range numeric
@attribute pcm_fftMag_psySharpness_sma_de_maxPos numeric
@attribute pcm_fftMag_psySharpness_sma_de_minPos numeric
@attribute pcm_fftMag_psySharpness_sma_de_quartile1 numeric
@attribute pcm_fftMag_psySharpness_sma_de_quartile2 numeric
@attribute pcm_fftMag_psySharpness_sma_de_quartile3 numeric
@attribute pcm_fftMag_psySharpness_sma_de_iqr1-2 numeric
@attribute pcm_fftMag_psySharpness_sma_de_iqr2-3 numeric
@attribute pcm_fftMag_psySharpness_sma_de_iqr1-3 numeric
@attribute pcm_fftMag_psySharpness_sma_de_percentile1.0 numeric
@attribute pcm_fftMag_psySharpness_sma_de_percentile99.0 numeric
@attribute pcm_fftMag_psySharpness_sma_de_pctlrange0-1 numeric
@attribute pcm_fftMag_psySharpness_sma_de_stddev numeric
@attribute pcm_fftMag_psySharpness_sma_de_skewness numeric
@attribute pcm_fftMag_psySharpness_sma_de_kurtosis numeric
@attribute pcm_fftMag_psySharpness_sma_de_meanSegLen numeric
@attribute pcm_fftMag_psySharpness_sma_de_maxSegLen numeric
@attribute pcm_fftMag_psySharpness_sma_de_minSegLen numeric
@attribute pcm_fftMag_psySharpness_sma_de_segLenStddev numeric
@attribute pcm_fftMag_psySharpness_sma_de_upleveltime25 numeric
@attribute pcm_fftMag_psySharpness_sma_de_upleveltime50 numeric
@attribute pcm_fftMag_psySharpness_sma_de_upleveltime75 numeric
@attribute pcm_fftMag_psySharpness_sma_de_upleveltime90 numeric
@attribute pcm_fftMag_psySharpness_sma_de_risetime numeric
@attribute pcm_fftMag_psySharpness_sma_de_leftctime numeric
@attribute pcm_fftMag_psySharpness_sma_de_lpgain numeric
@attribute pcm_fftMag_psySharpness_sma_de_lpc0 numeric
@attribute pcm_fftMag_psySharpness_sma_de_lpc1 numeric
@attribute pcm_fftMag_psySharpness_sma_de_lpc2 numeric
@attribute pcm_fftMag_psySharpness_sma_de_lpc3 numeric
@attribute pcm_fftMag_psySharpness_sma_de_lpc4 numeric
@attribute pcm_fftMag_spectralHarmonicity_sma_de_range numeric
@attribute pcm_fftMag_spectralHarmonicity_sma_de_maxPos numeric
@attribute pcm_fftMag_spectralHarmonicity_sma_de_minPos numeric
@attribute pcm_fftMag_spectralHarmonicity_sma_de_quartile1 numeric
@attribute pcm_fftMag_spectralHarmonicity_sma_de_quartile2 numeric
@attribute pcm_fftMag_spectralHarmonicity_sma_de_quartile3 numeric
@attribute pcm_fftMag_spectralHarmonicity_sma_de_iqr1-2 numeric
@attribute pcm_fftMag_spectralHarmonicity_sma_de_iqr2-3 numeric
@attribute pcm_fftMag_spectralHarmonicity_sma_de_iqr1-3 numeric
@attribute pcm_fftMag_spectralHarmonicity_sma_de_percentile1.0 numeric
@attribute pcm_fftMag_spectralHarmonicity_sma_de_percentile99.0 numeric
@attribute pcm_fftMag_spectralHarmonicity_sma_de_pctlrange0-1 numeric
@attribute pcm_fftMag_spectralHarmonicity_sma_de_stddev numeric
@attribute pcm_fftMag_spectralHarmonicity_sma_de_skewness numeric
@attribute pcm_fftMag_spectralHarmonicity_sma_de_kurtosis numeric
@attribute pcm_fftMag_spectralHarmonicity_sma_de_meanSegLen numeric
@attribute pcm_fftMag_spectralHarmonicity_sma_de_maxSegLen numeric
@attribute pcm_fftMag_spectralHarmonicity_sma_de_minSegLen numeric
@attribute pcm_fftMag_spectralHarmonicity_sma_de_segLenStddev numeric
@attribute pcm_fftMag_spectralHarmonicity_sma_de_upleveltime25 numeric
@attribute pcm_fftMag_spectralHarmonicity_sma_de_upleveltime50 numeric
@attribute pcm_fftMag_spectralHarmonicity_sma_de_upleveltime75 numeric
@attribute pcm_fftMag_spectralHarmonicity_sma_de_upleveltime90 numeric
@attribute pcm_fftMag_spectralHarmonicity_sma_de_risetime numeric
@attribute pcm_fftMag_spectralHarmonicity_sma_de_leftctime numeric
@attribute pcm_fftMag_spectralHarmonicity_sma_de_lpgain numeric
@attribute pcm_fftMag_spectralHarmonicity_sma_de_lpc0 numeric
@attribute pcm_fftMag_spectralHarmonicity_sma_de_lpc1 numeric
@attribute pcm_fftMag_spectralHarmonicity_sma_de_lpc2 numeric
@attribute pcm_fftMag_spectralHarmonicity_sma_de_lpc3 numeric
@attribute pcm_fftMag_spectralHarmonicity_sma_de_lpc4 numeric
@attribute mfcc_sma_de[1]_range numeric
@attribute mfcc_sma_de[1]_maxPos numeric
@attribute mfcc_sma_de[1]_minPos numeric
@attribute mfcc_sma_de[1]_quartile1 numeric
@attribute mfcc_sma_de[1]_quartile2 numeric
@attribute mfcc_sma_de[1]_quartile3 numeric
@attribute mfcc_sma_de[1]_iqr1-2 numeric
@attribute mfcc_sma_de[1]_iqr2-3 numeric
@attribute mfcc_sma_de[1]_iqr1-3 numeric
@attribute mfcc_sma_de[1]_percentile1.0 numeric
@attribute mfcc_sma_de[1]_percentile99.0 numeric
@attribute mfcc_sma_de[1]_pctlrange0-1 numeric
@attribute mfcc_sma_de[1]_stddev numeric
@attribute mfcc_sma_de[1]_skewness numeric
@attribute mfcc_sma_de[1]_kurtosis numeric
@attribute mfcc_sma_de[1]_meanSegLen numeric
@attribute mfcc_sma_de[1]_maxSegLen numeric
@attribute mfcc_sma_de[1]_minSegLen numeric
@attribute mfcc_sma_de[1]_segLenStddev numeric
@attribute mfcc_sma_de[1]_upleveltime25 numeric
@attribute mfcc_sma_de[1]_upleveltime50 numeric
@attribute mfcc_sma_de[1]_upleveltime75 numeric
@attribute mfcc_sma_de[1]_upleveltime90 numeric
@attribute mfcc_sma_de[1]_risetime numeric
@attribute mfcc_sma_de[1]_leftctime numeric
@attribute mfcc_sma_de[1]_lpgain numeric
@attribute mfcc_sma_de[1]_lpc0 numeric
@attribute mfcc_sma_de[1]_lpc1 numeric
@attribute mfcc_sma_de[1]_lpc2 numeric
@attribute mfcc_sma_de[1]_lpc3 numeric
@attribute mfcc_sma_de[1]_lpc4 numeric
@attribute mfcc_sma_de[2]_range numeric
@attribute mfcc_sma_de[2]_maxPos numeric
@attribute mfcc_sma_de[2]_minPos numeric
@attribute mfcc_sma_de[2]_quartile1 numeric
@attribute mfcc_sma_de[2]_quartile2 numeric
@attribute mfcc_sma_de[2]_quartile3 numeric
@attribute mfcc_sma_de[2]_iqr1-2 numeric
@attribute mfcc_sma_de[2]_iqr2-3 numeric
@attribute mfcc_sma_de[2]_iqr1-3 numeric
@attribute mfcc_sma_de[2]_percentile1.0 numeric
@attribute mfcc_sma_de[2]_percentile99.0 numeric
@attribute mfcc_sma_de[2]_pctlrange0-1 numeric
@attribute mfcc_sma_de[2]_stddev numeric
@attribute mfcc_sma_de[2]_skewness numeric
@attribute mfcc_sma_de[2]_kurtosis numeric
@attribute mfcc_sma_de[2]_meanSegLen numeric
@attribute mfcc_sma_de[2]_maxSegLen numeric
@attribute mfcc_sma_de[2]_minSegLen numeric
@attribute mfcc_sma_de[2]_segLenStddev numeric
@attribute mfcc_sma_de[2]_upleveltime25 numeric
@attribute mfcc_sma_de[2]_upleveltime50 numeric
@attribute mfcc_sma_de[2]_upleveltime75 numeric
@attribute mfcc_sma_de[2]_upleveltime90 numeric
@attribute mfcc_sma_de[2]_risetime numeric
@attribute mfcc_sma_de[2]_leftctime numeric
@attribute mfcc_sma_de[2]_lpgain numeric
@attribute mfcc_sma_de[2]_lpc0 numeric
@attribute mfcc_sma_de[2]_lpc1 numeric
@attribute mfcc_sma_de[2]_lpc2 numeric
@attribute mfcc_sma_de[2]_lpc3 numeric
@attribute mfcc_sma_de[2]_lpc4 numeric
@attribute mfcc_sma_de[3]_range numeric
@attribute mfcc_sma_de[3]_maxPos numeric
@attribute mfcc_sma_de[3]_minPos numeric
@attribute mfcc_sma_de[3]_quartile1 numeric
@attribute mfcc_sma_de[3]_quartile2 numeric
@attribute mfcc_sma_de[3]_quartile3 numeric
@attribute mfcc_sma_de[3]_iqr1-2 numeric
@attribute mfcc_sma_de[3]_iqr2-3 numeric
@attribute mfcc_sma_de[3]_iqr1-3 numeric
@attribute mfcc_sma_de[3]_percentile1.0 numeric
@attribute mfcc_sma_de[3]_percentile99.0 numeric
@attribute mfcc_sma_de[3]_pctlrange0-1 numeric
@attribute mfcc_sma_de[3]_stddev numeric
@attribute mfcc_sma_de[3]_skewness numeric
@attribute mfcc_sma_de[3]_kurtosis numeric
@attribute mfcc_sma_de[3]_meanSegLen numeric
@attribute mfcc_sma_de[3]_maxSegLen numeric
@attribute mfcc_sma_de[3]_minSegLen numeric
@attribute mfcc_sma_de[3]_segLenStddev numeric
@attribute mfcc_sma_de[3]_upleveltime25 numeric
@attribute mfcc_sma_de[3]_upleveltime50 numeric
@attribute mfcc_sma_de[3]_upleveltime75 numeric
@attribute mfcc_sma_de[3]_upleveltime90 numeric
@attribute mfcc_sma_de[3]_risetime numeric
@attribute mfcc_sma_de[3]_leftctime numeric
@attribute mfcc_sma_de[3]_lpgain numeric
@attribute mfcc_sma_de[3]_lpc0 numeric
@attribute mfcc_sma_de[3]_lpc1 numeric
@attribute mfcc_sma_de[3]_lpc2 numeric
@attribute mfcc_sma_de[3]_lpc3 numeric
@attribute mfcc_sma_de[3]_lpc4 numeric
@attribute mfcc_sma_de[4]_range numeric
@attribute mfcc_sma_de[4]_maxPos numeric
@attribute mfcc_sma_de[4]_minPos numeric
@attribute mfcc_sma_de[4]_quartile1 numeric
@attribute mfcc_sma_de[4]_quartile2 numeric
@attribute mfcc_sma_de[4]_quartile3 numeric
@attribute mfcc_sma_de[4]_iqr1-2 numeric
@attribute mfcc_sma_de[4]_iqr2-3 numeric
@attribute mfcc_sma_de[4]_iqr1-3 numeric
@attribute mfcc_sma_de[4]_percentile1.0 numeric
@attribute mfcc_sma_de[4]_percentile99.0 numeric
@attribute mfcc_sma_de[4]_pctlrange0-1 numeric
@attribute mfcc_sma_de[4]_stddev numeric
@attribute mfcc_sma_de[4]_skewness numeric
@attribute mfcc_sma_de[4]_kurtosis numeric
@attribute mfcc_sma_de[4]_meanSegLen numeric
@attribute mfcc_sma_de[4]_maxSegLen numeric
@attribute mfcc_sma_de[4]_minSegLen numeric
@attribute mfcc_sma_de[4]_segLenStddev numeric
@attribute mfcc_sma_de[4]_upleveltime25 numeric
@attribute mfcc_sma_de[4]_upleveltime50 numeric
@attribute mfcc_sma_de[4]_upleveltime75 numeric
@attribute mfcc_sma_de[4]_upleveltime90 numeric
@attribute mfcc_sma_de[4]_risetime numeric
@attribute mfcc_sma_de[4]_leftctime numeric
@attribute mfcc_sma_de[4]_lpgain numeric
@attribute mfcc_sma_de[4]_lpc0 numeric
@attribute mfcc_sma_de[4]_lpc1 numeric
@attribute mfcc_sma_de[4]_lpc2 numeric
@attribute mfcc_sma_de[4]_lpc3 numeric
@attribute mfcc_sma_de[4]_lpc4 numeric
@attribute mfcc_sma_de[5]_range numeric
@attribute mfcc_sma_de[5]_maxPos numeric
@attribute mfcc_sma_de[5]_minPos numeric
@attribute mfcc_sma_de[5]_quartile1 numeric
@attribute mfcc_sma_de[5]_quartile2 numeric
@attribute mfcc_sma_de[5]_quartile3 numeric
@attribute mfcc_sma_de[5]_iqr1-2 numeric
@attribute mfcc_sma_de[5]_iqr2-3 numeric
@attribute mfcc_sma_de[5]_iqr1-3 numeric
@attribute mfcc_sma_de[5]_percentile1.0 numeric
@attribute mfcc_sma_de[5]_percentile99.0 numeric
@attribute mfcc_sma_de[5]_pctlrange0-1 numeric
@attribute mfcc_sma_de[5]_stddev numeric
@attribute mfcc_sma_de[5]_skewness numeric
@attribute mfcc_sma_de[5]_kurtosis numeric
@attribute mfcc_sma_de[5]_meanSegLen numeric
@attribute mfcc_sma_de[5]_maxSegLen numeric
@attribute mfcc_sma_de[5]_minSegLen numeric
@attribute mfcc_sma_de[5]_segLenStddev numeric
@attribute mfcc_sma_de[5]_upleveltime25 numeric
@attribute mfcc_sma_de[5]_upleveltime50 numeric
@attribute mfcc_sma_de[5]_upleveltime75 numeric
@attribute mfcc_sma_de[5]_upleveltime90 numeric
@attribute mfcc_sma_de[5]_risetime numeric
@attribute mfcc_sma_de[5]_leftctime numeric
@attribute mfcc_sma_de[5]_lpgain numeric
@attribute mfcc_sma_de[5]_lpc0 numeric
@attribute mfcc_sma_de[5]_lpc1 numeric
@attribute mfcc_sma_de[5]_lpc2 numeric
@attribute mfcc_sma_de[5]_lpc3 numeric
@attribute mfcc_sma_de[5]_lpc4 numeric
@attribute mfcc_sma_de[6]_range numeric
@attribute mfcc_sma_de[6]_maxPos numeric
@attribute mfcc_sma_de[6]_minPos numeric
@attribute mfcc_sma_de[6]_quartile1 numeric
@attribute mfcc_sma_de[6]_quartile2 numeric
@attribute mfcc_sma_de[6]_quartile3 numeric
@attribute mfcc_sma_de[6]_iqr1-2 numeric
@attribute mfcc_sma_de[6]_iqr2-3 numeric
@attribute mfcc_sma_de[6]_iqr1-3 numeric
@attribute mfcc_sma_de[6]_percentile1.0 numeric
@attribute mfcc_sma_de[6]_percentile99.0 numeric
@attribute mfcc_sma_de[6]_pctlrange0-1 numeric
@attribute mfcc_sma_de[6]_stddev numeric
@attribute mfcc_sma_de[6]_skewness numeric
@attribute mfcc_sma_de[6]_kurtosis numeric
@attribute mfcc_sma_de[6]_meanSegLen numeric
@attribute mfcc_sma_de[6]_maxSegLen numeric
@attribute mfcc_sma_de[6]_minSegLen numeric
@attribute mfcc_sma_de[6]_segLenStddev numeric
@attribute mfcc_sma_de[6]_upleveltime25 numeric
@attribute mfcc_sma_de[6]_upleveltime50 numeric
@attribute mfcc_sma_de[6]_upleveltime75 numeric
@attribute mfcc_sma_de[6]_upleveltime90 numeric
@attribute mfcc_sma_de[6]_risetime numeric
@attribute mfcc_sma_de[6]_leftctime numeric
@attribute mfcc_sma_de[6]_lpgain numeric
@attribute mfcc_sma_de[6]_lpc0 numeric
@attribute mfcc_sma_de[6]_lpc1 numeric
@attribute mfcc_sma_de[6]_lpc2 numeric
@attribute mfcc_sma_de[6]_lpc3 numeric
@attribute mfcc_sma_de[6]_lpc4 numeric
@attribute mfcc_sma_de[7]_range numeric
@attribute mfcc_sma_de[7]_maxPos numeric
@attribute mfcc_sma_de[7]_minPos numeric
@attribute mfcc_sma_de[7]_quartile1 numeric
@attribute mfcc_sma_de[7]_quartile2 numeric
@attribute mfcc_sma_de[7]_quartile3 numeric
@attribute mfcc_sma_de[7]_iqr1-2 numeric
@attribute mfcc_sma_de[7]_iqr2-3 numeric
@attribute mfcc_sma_de[7]_iqr1-3 numeric
@attribute mfcc_sma_de[7]_percentile1.0 numeric
@attribute mfcc_sma_de[7]_percentile99.0 numeric
@attribute mfcc_sma_de[7]_pctlrange0-1 numeric
@attribute mfcc_sma_de[7]_stddev numeric
@attribute mfcc_sma_de[7]_skewness numeric
@attribute mfcc_sma_de[7]_kurtosis numeric
@attribute mfcc_sma_de[7]_meanSegLen numeric
@attribute mfcc_sma_de[7]_maxSegLen numeric
@attribute mfcc_sma_de[7]_minSegLen numeric
@attribute mfcc_sma_de[7]_segLenStddev numeric
@attribute mfcc_sma_de[7]_upleveltime25 numeric
@attribute mfcc_sma_de[7]_upleveltime50 numeric
@attribute mfcc_sma_de[7]_upleveltime75 numeric
@attribute mfcc_sma_de[7]_upleveltime90 numeric
@attribute mfcc_sma_de[7]_risetime numeric
@attribute mfcc_sma_de[7]_leftctime numeric
@attribute mfcc_sma_de[7]_lpgain numeric
@attribute mfcc_sma_de[7]_lpc0 numeric
@attribute mfcc_sma_de[7]_lpc1 numeric
@attribute mfcc_sma_de[7]_lpc2 numeric
@attribute mfcc_sma_de[7]_lpc3 numeric
@attribute mfcc_sma_de[7]_lpc4 numeric
@attribute mfcc_sma_de[8]_range numeric
@attribute mfcc_sma_de[8]_maxPos numeric
@attribute mfcc_sma_de[8]_minPos numeric
@attribute mfcc_sma_de[8]_quartile1 numeric
@attribute mfcc_sma_de[8]_quartile2 numeric
@attribute mfcc_sma_de[8]_quartile3 numeric
@attribute mfcc_sma_de[8]_iqr1-2 numeric
@attribute mfcc_sma_de[8]_iqr2-3 numeric
@attribute mfcc_sma_de[8]_iqr1-3 numeric
@attribute mfcc_sma_de[8]_percentile1.0 numeric
@attribute mfcc_sma_de[8]_percentile99.0 numeric
@attribute mfcc_sma_de[8]_pctlrange0-1 numeric
@attribute mfcc_sma_de[8]_stddev numeric
@attribute mfcc_sma_de[8]_skewness numeric
@attribute mfcc_sma_de[8]_kurtosis numeric
@attribute mfcc_sma_de[8]_meanSegLen numeric
@attribute mfcc_sma_de[8]_maxSegLen numeric
@attribute mfcc_sma_de[8]_minSegLen numeric
@attribute mfcc_sma_de[8]_segLenStddev numeric
@attribute mfcc_sma_de[8]_upleveltime25 numeric
@attribute mfcc_sma_de[8]_upleveltime50 numeric
@attribute mfcc_sma_de[8]_upleveltime75 numeric
@attribute mfcc_sma_de[8]_upleveltime90 numeric
@attribute mfcc_sma_de[8]_risetime numeric
@attribute mfcc_sma_de[8]_leftctime numeric
@attribute mfcc_sma_de[8]_lpgain numeric
@attribute mfcc_sma_de[8]_lpc0 numeric
@attribute mfcc_sma_de[8]_lpc1 numeric
@attribute mfcc_sma_de[8]_lpc2 numeric
@attribute mfcc_sma_de[8]_lpc3 numeric
@attribute mfcc_sma_de[8]_lpc4 numeric
@attribute mfcc_sma_de[9]_range numeric
@attribute mfcc_sma_de[9]_maxPos numeric
@attribute mfcc_sma_de[9]_minPos numeric
@attribute mfcc_sma_de[9]_quartile1 numeric
@attribute mfcc_sma_de[9]_quartile2 numeric
@attribute mfcc_sma_de[9]_quartile3 numeric
@attribute mfcc_sma_de[9]_iqr1-2 numeric
@attribute mfcc_sma_de[9]_iqr2-3 numeric
@attribute mfcc_sma_de[9]_iqr1-3 numeric
@attribute mfcc_sma_de[9]_percentile1.0 numeric
@attribute mfcc_sma_de[9]_percentile99.0 numeric
@attribute mfcc_sma_de[9]_pctlrange0-1 numeric
@attribute mfcc_sma_de[9]_stddev numeric
@attribute mfcc_sma_de[9]_skewness numeric
@attribute mfcc_sma_de[9]_kurtosis numeric
@attribute mfcc_sma_de[9]_meanSegLen numeric
@attribute mfcc_sma_de[9]_maxSegLen numeric
@attribute mfcc_sma_de[9]_minSegLen numeric
@attribute mfcc_sma_de[9]_segLenStddev numeric
@attribute mfcc_sma_de[9]_upleveltime25 numeric
@attribute mfcc_sma_de[9]_upleveltime50 numeric
@attribute mfcc_sma_de[9]_upleveltime75 numeric
@attribute mfcc_sma_de[9]_upleveltime90 numeric
@attribute mfcc_sma_de[9]_risetime numeric
@attribute mfcc_sma_de[9]_leftctime numeric
@attribute mfcc_sma_de[9]_lpgain numeric
@attribute mfcc_sma_de[9]_lpc0 numeric
@attribute mfcc_sma_de[9]_lpc1 numeric
@attribute mfcc_sma_de[9]_lpc2 numeric
@attribute mfcc_sma_de[9]_lpc3 numeric
@attribute mfcc_sma_de[9]_lpc4 numeric
@attribute mfcc_sma_de[10]_range numeric
@attribute mfcc_sma_de[10]_maxPos numeric
@attribute mfcc_sma_de[10]_minPos numeric
@attribute mfcc_sma_de[10]_quartile1 numeric
@attribute mfcc_sma_de[10]_quartile2 numeric
@attribute mfcc_sma_de[10]_quartile3 numeric
@attribute mfcc_sma_de[10]_iqr1-2 numeric
@attribute mfcc_sma_de[10]_iqr2-3 numeric
@attribute mfcc_sma_de[10]_iqr1-3 numeric
@attribute mfcc_sma_de[10]_percentile1.0 numeric
@attribute mfcc_sma_de[10]_percentile99.0 numeric
@attribute mfcc_sma_de[10]_pctlrange0-1 numeric
@attribute mfcc_sma_de[10]_stddev numeric
@attribute mfcc_sma_de[10]_skewness numeric
@attribute mfcc_sma_de[10]_kurtosis numeric
@attribute mfcc_sma_de[10]_meanSegLen numeric
@attribute mfcc_sma_de[10]_maxSegLen numeric
@attribute mfcc_sma_de[10]_minSegLen numeric
@attribute mfcc_sma_de[10]_segLenStddev numeric
@attribute mfcc_sma_de[10]_upleveltime25 numeric
@attribute mfcc_sma_de[10]_upleveltime50 numeric
@attribute mfcc_sma_de[10]_upleveltime75 numeric
@attribute mfcc_sma_de[10]_upleveltime90 numeric
@attribute mfcc_sma_de[10]_risetime numeric
@attribute mfcc_sma_de[10]_leftctime numeric
@attribute mfcc_sma_de[10]_lpgain numeric
@attribute mfcc_sma_de[10]_lpc0 numeric
@attribute mfcc_sma_de[10]_lpc1 numeric
@attribute mfcc_sma_de[10]_lpc2 numeric
@attribute mfcc_sma_de[10]_lpc3 numeric
@attribute mfcc_sma_de[10]_lpc4 numeric
@attribute mfcc_sma_de[11]_range numeric
@attribute mfcc_sma_de[11]_maxPos numeric
@attribute mfcc_sma_de[11]_minPos numeric
@attribute mfcc_sma_de[11]_quartile1 numeric
@attribute mfcc_sma_de[11]_quartile2 numeric
@attribute mfcc_sma_de[11]_quartile3 numeric
@attribute mfcc_sma_de[11]_iqr1-2 numeric
@attribute mfcc_sma_de[11]_iqr2-3 numeric
@attribute mfcc_sma_de[11]_iqr1-3 numeric
@attribute mfcc_sma_de[11]_percentile1.0 numeric
@attribute mfcc_sma_de[11]_percentile99.0 numeric
@attribute mfcc_sma_de[11]_pctlrange0-1 numeric
@attribute mfcc_sma_de[11]_stddev numeric
@attribute mfcc_sma_de[11]_skewness numeric
@attribute mfcc_sma_de[11]_kurtosis numeric
@attribute mfcc_sma_de[11]_meanSegLen numeric
@attribute mfcc_sma_de[11]_maxSegLen numeric
@attribute mfcc_sma_de[11]_minSegLen numeric
@attribute mfcc_sma_de[11]_segLenStddev numeric
@attribute mfcc_sma_de[11]_upleveltime25 numeric
@attribute mfcc_sma_de[11]_upleveltime50 numeric
@attribute mfcc_sma_de[11]_upleveltime75 numeric
@attribute mfcc_sma_de[11]_upleveltime90 numeric
@attribute mfcc_sma_de[11]_risetime numeric
@attribute mfcc_sma_de[11]_leftctime numeric
@attribute mfcc_sma_de[11]_lpgain numeric
@attribute mfcc_sma_de[11]_lpc0 numeric
@attribute mfcc_sma_de[11]_lpc1 numeric
@attribute mfcc_sma_de[11]_lpc2 numeric
@attribute mfcc_sma_de[11]_lpc3 numeric
@attribute mfcc_sma_de[11]_lpc4 numeric
@attribute mfcc_sma_de[12]_range numeric
@attribute mfcc_sma_de[12]_maxPos numeric
@attribute mfcc_sma_de[12]_minPos numeric
@attribute mfcc_sma_de[12]_quartile1 numeric
@attribute mfcc_sma_de[12]_quartile2 numeric
@attribute mfcc_sma_de[12]_quartile3 numeric
@attribute mfcc_sma_de[12]_iqr1-2 numeric
@attribute mfcc_sma_de[12]_iqr2-3 numeric
@attribute mfcc_sma_de[12]_iqr1-3 numeric
@attribute mfcc_sma_de[12]_percentile1.0 numeric
@attribute mfcc_sma_de[12]_percentile99.0 numeric
@attribute mfcc_sma_de[12]_pctlrange0-1 numeric
@attribute mfcc_sma_de[12]_stddev numeric
@attribute mfcc_sma_de[12]_skewness numeric
@attribute mfcc_sma_de[12]_kurtosis numeric
@attribute mfcc_sma_de[12]_meanSegLen numeric
@attribute mfcc_sma_de[12]_maxSegLen numeric
@attribute mfcc_sma_de[12]_minSegLen numeric
@attribute mfcc_sma_de[12]_segLenStddev numeric
@attribute mfcc_sma_de[12]_upleveltime25 numeric
@attribute mfcc_sma_de[12]_upleveltime50 numeric
@attribute mfcc_sma_de[12]_upleveltime75 numeric
@attribute mfcc_sma_de[12]_upleveltime90 numeric
@attribute mfcc_sma_de[12]_risetime numeric
@attribute mfcc_sma_de[12]_leftctime numeric
@attribute mfcc_sma_de[12]_lpgain numeric
@attribute mfcc_sma_de[12]_lpc0 numeric
@attribute mfcc_sma_de[12]_lpc1 numeric
@attribute mfcc_sma_de[12]_lpc2 numeric
@attribute mfcc_sma_de[12]_lpc3 numeric
@attribute mfcc_sma_de[12]_lpc4 numeric
@attribute mfcc_sma_de[13]_range numeric
@attribute mfcc_sma_de[13]_maxPos numeric
@attribute mfcc_sma_de[13]_minPos numeric
@attribute mfcc_sma_de[13]_quartile1 numeric
@attribute mfcc_sma_de[13]_quartile2 numeric
@attribute mfcc_sma_de[13]_quartile3 numeric
@attribute mfcc_sma_de[13]_iqr1-2 numeric
@attribute mfcc_sma_de[13]_iqr2-3 numeric
@attribute mfcc_sma_de[13]_iqr1-3 numeric
@attribute mfcc_sma_de[13]_percentile1.0 numeric
@attribute mfcc_sma_de[13]_percentile99.0 numeric
@attribute mfcc_sma_de[13]_pctlrange0-1 numeric
@attribute mfcc_sma_de[13]_stddev numeric
@attribute mfcc_sma_de[13]_skewness numeric
@attribute mfcc_sma_de[13]_kurtosis numeric
@attribute mfcc_sma_de[13]_meanSegLen numeric
@attribute mfcc_sma_de[13]_maxSegLen numeric
@attribute mfcc_sma_de[13]_minSegLen numeric
@attribute mfcc_sma_de[13]_segLenStddev numeric
@attribute mfcc_sma_de[13]_upleveltime25 numeric
@attribute mfcc_sma_de[13]_upleveltime50 numeric
@attribute mfcc_sma_de[13]_upleveltime75 numeric
@attribute mfcc_sma_de[13]_upleveltime90 numeric
@attribute mfcc_sma_de[13]_risetime numeric
@attribute mfcc_sma_de[13]_leftctime numeric
@attribute mfcc_sma_de[13]_lpgain numeric
@attribute mfcc_sma_de[13]_lpc0 numeric
@attribute mfcc_sma_de[13]_lpc1 numeric
@attribute mfcc_sma_de[13]_lpc2 numeric
@attribute mfcc_sma_de[13]_lpc3 numeric
@attribute mfcc_sma_de[13]_lpc4 numeric
@attribute mfcc_sma_de[14]_range numeric
@attribute mfcc_sma_de[14]_maxPos numeric
@attribute mfcc_sma_de[14]_minPos numeric
@attribute mfcc_sma_de[14]_quartile1 numeric
@attribute mfcc_sma_de[14]_quartile2 numeric
@attribute mfcc_sma_de[14]_quartile3 numeric
@attribute mfcc_sma_de[14]_iqr1-2 numeric
@attribute mfcc_sma_de[14]_iqr2-3 numeric
@attribute mfcc_sma_de[14]_iqr1-3 numeric
@attribute mfcc_sma_de[14]_percentile1.0 numeric
@attribute mfcc_sma_de[14]_percentile99.0 numeric
@attribute mfcc_sma_de[14]_pctlrange0-1 numeric
@attribute mfcc_sma_de[14]_stddev numeric
@attribute mfcc_sma_de[14]_skewness numeric
@attribute mfcc_sma_de[14]_kurtosis numeric
@attribute mfcc_sma_de[14]_meanSegLen numeric
@attribute mfcc_sma_de[14]_maxSegLen numeric
@attribute mfcc_sma_de[14]_minSegLen numeric
@attribute mfcc_sma_de[14]_segLenStddev numeric
@attribute mfcc_sma_de[14]_upleveltime25 numeric
@attribute mfcc_sma_de[14]_upleveltime50 numeric
@attribute mfcc_sma_de[14]_upleveltime75 numeric
@attribute mfcc_sma_de[14]_upleveltime90 numeric
@attribute mfcc_sma_de[14]_risetime numeric
@attribute mfcc_sma_de[14]_leftctime numeric
@attribute mfcc_sma_de[14]_lpgain numeric
@attribute mfcc_sma_de[14]_lpc0 numeric
@attribute mfcc_sma_de[14]_lpc1 numeric
@attribute mfcc_sma_de[14]_lpc2 numeric
@attribute mfcc_sma_de[14]_lpc3 numeric
@attribute mfcc_sma_de[14]_lpc4 numeric
@attribute F0final_sma_amean numeric
@attribute F0final_sma_flatness numeric
@attribute F0final_sma_posamean numeric
@attribute F0final_sma_rqmean numeric
@attribute F0final_sma_range numeric
@attribute F0final_sma_maxPos numeric
@attribute F0final_sma_minPos numeric
@attribute F0final_sma_linregc1 numeric
@attribute F0final_sma_linregc2 numeric
@attribute F0final_sma_linregerrQ numeric
@attribute F0final_sma_qregc1 numeric
@attribute F0final_sma_qregc2 numeric
@attribute F0final_sma_qregc3 numeric
@attribute F0final_sma_qregerrQ numeric
@attribute F0final_sma_centroid numeric
@attribute F0final_sma_quartile1 numeric
@attribute F0final_sma_quartile2 numeric
@attribute F0final_sma_quartile3 numeric
@attribute F0final_sma_iqr1-2 numeric
@attribute F0final_sma_iqr2-3 numeric
@attribute F0final_sma_iqr1-3 numeric
@attribute F0final_sma_percentile1.0 numeric
@attribute F0final_sma_percentile99.0 numeric
@attribute F0final_sma_pctlrange0-1 numeric
@attribute F0final_sma_stddev numeric
@attribute F0final_sma_skewness numeric
@attribute F0final_sma_kurtosis numeric
@attribute F0final_sma_upleveltime25 numeric
@attribute F0final_sma_upleveltime50 numeric
@attribute F0final_sma_upleveltime75 numeric
@attribute F0final_sma_upleveltime90 numeric
@attribute F0final_sma_risetime numeric
@attribute F0final_sma_leftctime numeric
@attribute F0final_sma_lpgain numeric
@attribute F0final_sma_lpc0 numeric
@attribute F0final_sma_lpc1 numeric
@attribute F0final_sma_lpc2 numeric
@attribute F0final_sma_lpc3 numeric
@attribute F0final_sma_lpc4 numeric
@attribute voicingFinalUnclipped_sma_amean numeric
@attribute voicingFinalUnclipped_sma_flatness numeric
@attribute voicingFinalUnclipped_sma_posamean numeric
@attribute voicingFinalUnclipped_sma_rqmean numeric
@attribute voicingFinalUnclipped_sma_range numeric
@attribute voicingFinalUnclipped_sma_maxPos numeric
@attribute voicingFinalUnclipped_sma_minPos numeric
@attribute voicingFinalUnclipped_sma_linregc1 numeric
@attribute voicingFinalUnclipped_sma_linregc2 numeric
@attribute voicingFinalUnclipped_sma_linregerrQ numeric
@attribute voicingFinalUnclipped_sma_qregc1 numeric
@attribute voicingFinalUnclipped_sma_qregc2 numeric
@attribute voicingFinalUnclipped_sma_qregc3 numeric
@attribute voicingFinalUnclipped_sma_qregerrQ numeric
@attribute voicingFinalUnclipped_sma_centroid numeric
@attribute voicingFinalUnclipped_sma_quartile1 numeric
@attribute voicingFinalUnclipped_sma_quartile2 numeric
@attribute voicingFinalUnclipped_sma_quartile3 numeric
@attribute voicingFinalUnclipped_sma_iqr1-2 numeric
@attribute voicingFinalUnclipped_sma_iqr2-3 numeric
@attribute voicingFinalUnclipped_sma_iqr1-3 numeric
@attribute voicingFinalUnclipped_sma_percentile1.0 numeric
@attribute voicingFinalUnclipped_sma_percentile99.0 numeric
@attribute voicingFinalUnclipped_sma_pctlrange0-1 numeric
@attribute voicingFinalUnclipped_sma_stddev numeric
@attribute voicingFinalUnclipped_sma_skewness numeric
@attribute voicingFinalUnclipped_sma_kurtosis numeric
@attribute voicingFinalUnclipped_sma_upleveltime25 numeric
@attribute voicingFinalUnclipped_sma_upleveltime50 numeric
@attribute voicingFinalUnclipped_sma_upleveltime75 numeric
@attribute voicingFinalUnclipped_sma_upleveltime90 numeric
@attribute voicingFinalUnclipped_sma_risetime numeric
@attribute voicingFinalUnclipped_sma_leftctime numeric
@attribute voicingFinalUnclipped_sma_lpgain numeric
@attribute voicingFinalUnclipped_sma_lpc0 numeric
@attribute voicingFinalUnclipped_sma_lpc1 numeric
@attribute voicingFinalUnclipped_sma_lpc2 numeric
@attribute voicingFinalUnclipped_sma_lpc3 numeric
@attribute voicingFinalUnclipped_sma_lpc4 numeric
@attribute jitterLocal_sma_amean numeric
@attribute jitterLocal_sma_flatness numeric
@attribute jitterLocal_sma_posamean numeric
@attribute jitterLocal_sma_rqmean numeric
@attribute jitterLocal_sma_range numeric
@attribute jitterLocal_sma_maxPos numeric
@attribute jitterLocal_sma_minPos numeric
@attribute jitterLocal_sma_linregc1 numeric
@attribute jitterLocal_sma_linregc2 numeric
@attribute jitterLocal_sma_linregerrQ numeric
@attribute jitterLocal_sma_qregc1 numeric
@attribute jitterLocal_sma_qregc2 numeric
@attribute jitterLocal_sma_qregc3 numeric
@attribute jitterLocal_sma_qregerrQ numeric
@attribute jitterLocal_sma_centroid numeric
@attribute jitterLocal_sma_quartile1 numeric
@attribute jitterLocal_sma_quartile2 numeric
@attribute jitterLocal_sma_quartile3 numeric
@attribute jitterLocal_sma_iqr1-2 numeric
@attribute jitterLocal_sma_iqr2-3 numeric
@attribute jitterLocal_sma_iqr1-3 numeric
@attribute jitterLocal_sma_percentile1.0 numeric
@attribute jitterLocal_sma_percentile99.0 numeric
@attribute jitterLocal_sma_pctlrange0-1 numeric
@attribute jitterLocal_sma_stddev numeric
@attribute jitterLocal_sma_skewness numeric
@attribute jitterLocal_sma_kurtosis numeric
@attribute jitterLocal_sma_upleveltime25 numeric
@attribute jitterLocal_sma_upleveltime50 numeric
@attribute jitterLocal_sma_upleveltime75 numeric
@attribute jitterLocal_sma_upleveltime90 numeric
@attribute jitterLocal_sma_risetime numeric
@attribute jitterLocal_sma_leftctime numeric
@attribute jitterLocal_sma_lpgain numeric
@attribute jitterLocal_sma_lpc0 numeric
@attribute jitterLocal_sma_lpc1 numeric
@attribute jitterLocal_sma_lpc2 numeric
@attribute jitterLocal_sma_lpc3 numeric
@attribute jitterLocal_sma_lpc4 numeric
@attribute jitterDDP_sma_amean numeric
@attribute jitterDDP_sma_flatness numeric
@attribute jitterDDP_sma_posamean numeric
@attribute jitterDDP_sma_rqmean numeric
@attribute jitterDDP_sma_range numeric
@attribute jitterDDP_sma_maxPos numeric
@attribute jitterDDP_sma_minPos numeric
@attribute jitterDDP_sma_linregc1 numeric
@attribute jitterDDP_sma_linregc2 numeric
@attribute jitterDDP_sma_linregerrQ numeric
@attribute jitterDDP_sma_qregc1 numeric
@attribute jitterDDP_sma_qregc2 numeric
@attribute jitterDDP_sma_qregc3 numeric
@attribute jitterDDP_sma_qregerrQ numeric
@attribute jitterDDP_sma_centroid numeric
@attribute jitterDDP_sma_quartile1 numeric
@attribute jitterDDP_sma_quartile2 numeric
@attribute jitterDDP_sma_quartile3 numeric
@attribute jitterDDP_sma_iqr1-2 numeric
@attribute jitterDDP_sma_iqr2-3 numeric
@attribute jitterDDP_sma_iqr1-3 numeric
@attribute jitterDDP_sma_percentile1.0 numeric
@attribute jitterDDP_sma_percentile99.0 numeric
@attribute jitterDDP_sma_pctlrange0-1 numeric
@attribute jitterDDP_sma_stddev numeric
@attribute jitterDDP_sma_skewness numeric
@attribute jitterDDP_sma_kurtosis numeric
@attribute jitterDDP_sma_upleveltime25 numeric
@attribute jitterDDP_sma_upleveltime50 numeric
@attribute jitterDDP_sma_upleveltime75 numeric
@attribute jitterDDP_sma_upleveltime90 numeric
@attribute jitterDDP_sma_risetime numeric
@attribute jitterDDP_sma_leftctime numeric
@attribute jitterDDP_sma_lpgain numeric
@attribute jitterDDP_sma_lpc0 numeric
@attribute jitterDDP_sma_lpc1 numeric
@attribute jitterDDP_sma_lpc2 numeric
@attribute jitterDDP_sma_lpc3 numeric
@attribute jitterDDP_sma_lpc4 numeric
@attribute shimmerLocal_sma_amean numeric
@attribute shimmerLocal_sma_flatness numeric
@attribute shimmerLocal_sma_posamean numeric
@attribute shimmerLocal_sma_rqmean numeric
@attribute shimmerLocal_sma_range numeric
@attribute shimmerLocal_sma_maxPos numeric
@attribute shimmerLocal_sma_minPos numeric
@attribute shimmerLocal_sma_linregc1 numeric
@attribute shimmerLocal_sma_linregc2 numeric
@attribute shimmerLocal_sma_linregerrQ numeric
@attribute shimmerLocal_sma_qregc1 numeric
@attribute shimmerLocal_sma_qregc2 numeric
@attribute shimmerLocal_sma_qregc3 numeric
@attribute shimmerLocal_sma_qregerrQ numeric
@attribute shimmerLocal_sma_centroid numeric
@attribute shimmerLocal_sma_quartile1 numeric
@attribute shimmerLocal_sma_quartile2 numeric
@attribute shimmerLocal_sma_quartile3 numeric
@attribute shimmerLocal_sma_iqr1-2 numeric
@attribute shimmerLocal_sma_iqr2-3 numeric
@attribute shimmerLocal_sma_iqr1-3 numeric
@attribute shimmerLocal_sma_percentile1.0 numeric
@attribute shimmerLocal_sma_percentile99.0 numeric
@attribute shimmerLocal_sma_pctlrange0-1 numeric
@attribute shimmerLocal_sma_stddev numeric
@attribute shimmerLocal_sma_skewness numeric
@attribute shimmerLocal_sma_kurtosis numeric
@attribute shimmerLocal_sma_upleveltime25 numeric
@attribute shimmerLocal_sma_upleveltime50 numeric
@attribute shimmerLocal_sma_upleveltime75 numeric
@attribute shimmerLocal_sma_upleveltime90 numeric
@attribute shimmerLocal_sma_risetime numeric
@attribute shimmerLocal_sma_leftctime numeric
@attribute shimmerLocal_sma_lpgain numeric
@attribute shimmerLocal_sma_lpc0 numeric
@attribute shimmerLocal_sma_lpc1 numeric
@attribute shimmerLocal_sma_lpc2 numeric
@attribute shimmerLocal_sma_lpc3 numeric
@attribute shimmerLocal_sma_lpc4 numeric
@attribute logHNR_sma_amean numeric
@attribute logHNR_sma_flatness numeric
@attribute logHNR_sma_posamean numeric
@attribute logHNR_sma_rqmean numeric
@attribute logHNR_sma_range numeric
@attribute logHNR_sma_maxPos numeric
@attribute logHNR_sma_minPos numeric
@attribute logHNR_sma_linregc1 numeric
@attribute logHNR_sma_linregc2 numeric
@attribute logHNR_sma_linregerrQ numeric
@attribute logHNR_sma_qregc1 numeric
@attribute logHNR_sma_qregc2 numeric
@attribute logHNR_sma_qregc3 numeric
@attribute logHNR_sma_qregerrQ numeric
@attribute logHNR_sma_centroid numeric
@attribute logHNR_sma_quartile1 numeric
@attribute logHNR_sma_quartile2 numeric
@attribute logHNR_sma_quartile3 numeric
@attribute logHNR_sma_iqr1-2 numeric
@attribute logHNR_sma_iqr2-3 numeric
@attribute logHNR_sma_iqr1-3 numeric
@attribute logHNR_sma_percentile1.0 numeric
@attribute logHNR_sma_percentile99.0 numeric
@attribute logHNR_sma_pctlrange0-1 numeric
@attribute logHNR_sma_stddev numeric
@attribute logHNR_sma_skewness numeric
@attribute logHNR_sma_kurtosis numeric
@attribute logHNR_sma_upleveltime25 numeric
@attribute logHNR_sma_upleveltime50 numeric
@attribute logHNR_sma_upleveltime75 numeric
@attribute logHNR_sma_upleveltime90 numeric
@attribute logHNR_sma_risetime numeric
@attribute logHNR_sma_leftctime numeric
@attribute logHNR_sma_lpgain numeric
@attribute logHNR_sma_lpc0 numeric
@attribute logHNR_sma_lpc1 numeric
@attribute logHNR_sma_lpc2 numeric
@attribute logHNR_sma_lpc3 numeric
@attribute logHNR_sma_lpc4 numeric
@attribute F0final_sma_de_amean numeric
@attribute F0final_sma_de_flatness numeric
@attribute F0final_sma_de_posamean numeric
@attribute F0final_sma_de_rqmean numeric
@attribute F0final_sma_de_range numeric
@attribute F0final_sma_de_maxPos numeric
@attribute F0final_sma_de_minPos numeric
@attribute F0final_sma_de_linregc1 numeric
@attribute F0final_sma_de_linregc2 numeric
@attribute F0final_sma_de_linregerrQ numeric
@attribute F0final_sma_de_qregc1 numeric
@attribute F0final_sma_de_qregc2 numeric
@attribute F0final_sma_de_qregc3 numeric
@attribute F0final_sma_de_qregerrQ numeric
@attribute F0final_sma_de_centroid numeric
@attribute F0final_sma_de_quartile1 numeric
@attribute F0final_sma_de_quartile2 numeric
@attribute F0final_sma_de_quartile3 numeric
@attribute F0final_sma_de_iqr1-2 numeric
@attribute F0final_sma_de_iqr2-3 numeric
@attribute F0final_sma_de_iqr1-3 numeric
@attribute F0final_sma_de_percentile1.0 numeric
@attribute F0final_sma_de_percentile99.0 numeric
@attribute F0final_sma_de_pctlrange0-1 numeric
@attribute F0final_sma_de_stddev numeric
@attribute F0final_sma_de_skewness numeric
@attribute F0final_sma_de_kurtosis numeric
@attribute F0final_sma_de_upleveltime25 numeric
@attribute F0final_sma_de_upleveltime50 numeric
@attribute F0final_sma_de_upleveltime75 numeric
@attribute F0final_sma_de_upleveltime90 numeric
@attribute F0final_sma_de_risetime numeric
@attribute F0final_sma_de_leftctime numeric
@attribute F0final_sma_de_lpgain numeric
@attribute F0final_sma_de_lpc0 numeric
@attribute F0final_sma_de_lpc1 numeric
@attribute F0final_sma_de_lpc2 numeric
@attribute F0final_sma_de_lpc3 numeric
@attribute F0final_sma_de_lpc4 numeric
@attribute voicingFinalUnclipped_sma_de_amean numeric
@attribute voicingFinalUnclipped_sma_de_flatness numeric
@attribute voicingFinalUnclipped_sma_de_posamean numeric
@attribute voicingFinalUnclipped_sma_de_rqmean numeric
@attribute voicingFinalUnclipped_sma_de_range numeric
@attribute voicingFinalUnclipped_sma_de_maxPos numeric
@attribute voicingFinalUnclipped_sma_de_minPos numeric
@attribute voicingFinalUnclipped_sma_de_linregc1 numeric
@attribute voicingFinalUnclipped_sma_de_linregc2 numeric
@attribute voicingFinalUnclipped_sma_de_linregerrQ numeric
@attribute voicingFinalUnclipped_sma_de_qregc1 numeric
@attribute voicingFinalUnclipped_sma_de_qregc2 numeric
@attribute voicingFinalUnclipped_sma_de_qregc3 numeric
@attribute voicingFinalUnclipped_sma_de_qregerrQ numeric
@attribute voicingFinalUnclipped_sma_de_centroid numeric
@attribute voicingFinalUnclipped_sma_de_quartile1 numeric
@attribute voicingFinalUnclipped_sma_de_quartile2 numeric
@attribute voicingFinalUnclipped_sma_de_quartile3 numeric
@attribute voicingFinalUnclipped_sma_de_iqr1-2 numeric
@attribute voicingFinalUnclipped_sma_de_iqr2-3 numeric
@attribute voicingFinalUnclipped_sma_de_iqr1-3 numeric
@attribute voicingFinalUnclipped_sma_de_percentile1.0 numeric
@attribute voicingFinalUnclipped_sma_de_percentile99.0 numeric
@attribute voicingFinalUnclipped_sma_de_pctlrange0-1 numeric
@attribute voicingFinalUnclipped_sma_de_stddev numeric
@attribute voicingFinalUnclipped_sma_de_skewness numeric
@attribute voicingFinalUnclipped_sma_de_kurtosis numeric
@attribute voicingFinalUnclipped_sma_de_upleveltime25 numeric
@attribute voicingFinalUnclipped_sma_de_upleveltime50 numeric
@attribute voicingFinalUnclipped_sma_de_upleveltime75 numeric
@attribute voicingFinalUnclipped_sma_de_upleveltime90 numeric
@attribute voicingFinalUnclipped_sma_de_risetime numeric
@attribute voicingFinalUnclipped_sma_de_leftctime numeric
@attribute voicingFinalUnclipped_sma_de_lpgain numeric
@attribute voicingFinalUnclipped_sma_de_lpc0 numeric
@attribute voicingFinalUnclipped_sma_de_lpc1 numeric
@attribute voicingFinalUnclipped_sma_de_lpc2 numeric
@attribute voicingFinalUnclipped_sma_de_lpc3 numeric
@attribute voicingFinalUnclipped_sma_de_lpc4 numeric
@attribute jitterLocal_sma_de_amean numeric
@attribute jitterLocal_sma_de_flatness numeric
@attribute jitterLocal_sma_de_posamean numeric
@attribute jitterLocal_sma_de_rqmean numeric
@attribute jitterLocal_sma_de_range numeric
@attribute jitterLocal_sma_de_maxPos numeric
@attribute jitterLocal_sma_de_minPos numeric
@attribute jitterLocal_sma_de_linregc1 numeric
@attribute jitterLocal_sma_de_linregc2 numeric
@attribute jitterLocal_sma_de_linregerrQ numeric
@attribute jitterLocal_sma_de_qregc1 numeric
@attribute jitterLocal_sma_de_qregc2 numeric
@attribute jitterLocal_sma_de_qregc3 numeric
@attribute jitterLocal_sma_de_qregerrQ numeric
@attribute jitterLocal_sma_de_centroid numeric
@attribute jitterLocal_sma_de_quartile1 numeric
@attribute jitterLocal_sma_de_quartile2 numeric
@attribute jitterLocal_sma_de_quartile3 numeric
@attribute jitterLocal_sma_de_iqr1-2 numeric
@attribute jitterLocal_sma_de_iqr2-3 numeric
@attribute jitterLocal_sma_de_iqr1-3 numeric
@attribute jitterLocal_sma_de_percentile1.0 numeric
@attribute jitterLocal_sma_de_percentile99.0 numeric
@attribute jitterLocal_sma_de_pctlrange0-1 numeric
@attribute jitterLocal_sma_de_stddev numeric
@attribute jitterLocal_sma_de_skewness numeric
@attribute jitterLocal_sma_de_kurtosis numeric
@attribute jitterLocal_sma_de_upleveltime25 numeric
@attribute jitterLocal_sma_de_upleveltime50 numeric
@attribute jitterLocal_sma_de_upleveltime75 numeric
@attribute jitterLocal_sma_de_upleveltime90 numeric
@attribute jitterLocal_sma_de_risetime numeric
@attribute jitterLocal_sma_de_leftctime numeric
@attribute jitterLocal_sma_de_lpgain numeric
@attribute jitterLocal_sma_de_lpc0 numeric
@attribute jitterLocal_sma_de_lpc1 numeric
@attribute jitterLocal_sma_de_lpc2 numeric
@attribute jitterLocal_sma_de_lpc3 numeric
@attribute jitterLocal_sma_de_lpc4 numeric
@attribute jitterDDP_sma_de_amean numeric
@attribute jitterDDP_sma_de_flatness numeric
@attribute jitterDDP_sma_de_posamean numeric
@attribute jitterDDP_sma_de_rqmean numeric
@attribute jitterDDP_sma_de_range numeric
@attribute jitterDDP_sma_de_maxPos numeric
@attribute jitterDDP_sma_de_minPos numeric
@attribute jitterDDP_sma_de_linregc1 numeric
@attribute jitterDDP_sma_de_linregc2 numeric
@attribute jitterDDP_sma_de_linregerrQ numeric
@attribute jitterDDP_sma_de_qregc1 numeric
@attribute jitterDDP_sma_de_qregc2 numeric
@attribute jitterDDP_sma_de_qregc3 numeric
@attribute jitterDDP_sma_de_qregerrQ numeric
@attribute jitterDDP_sma_de_centroid numeric
@attribute jitterDDP_sma_de_quartile1 numeric
@attribute jitterDDP_sma_de_quartile2 numeric
@attribute jitterDDP_sma_de_quartile3 numeric
@attribute jitterDDP_sma_de_iqr1-2 numeric
@attribute jitterDDP_sma_de_iqr2-3 numeric
@attribute jitterDDP_sma_de_iqr1-3 numeric
@attribute jitterDDP_sma_de_percentile1.0 numeric
@attribute jitterDDP_sma_de_percentile99.0 numeric
@attribute jitterDDP_sma_de_pctlrange0-1 numeric
@attribute jitterDDP_sma_de_stddev numeric
@attribute jitterDDP_sma_de_skewness numeric
@attribute jitterDDP_sma_de_kurtosis numeric
@attribute jitterDDP_sma_de_upleveltime25 numeric
@attribute jitterDDP_sma_de_upleveltime50 numeric
@attribute jitterDDP_sma_de_upleveltime75 numeric
@attribute jitterDDP_sma_de_upleveltime90 numeric
@attribute jitterDDP_sma_de_risetime numeric
@attribute jitterDDP_sma_de_leftctime numeric
@attribute jitterDDP_sma_de_lpgain numeric
@attribute jitterDDP_sma_de_lpc0 numeric
@attribute jitterDDP_sma_de_lpc1 numeric
@attribute jitterDDP_sma_de_lpc2 numeric
@attribute jitterDDP_sma_de_lpc3 numeric
@attribute jitterDDP_sma_de_lpc4 numeric
@attribute shimmerLocal_sma_de_amean numeric
@attribute shimmerLocal_sma_de_flatness numeric
@attribute shimmerLocal_sma_de_posamean numeric
@attribute shimmerLocal_sma_de_rqmean numeric
@attribute shimmerLocal_sma_de_range numeric
@attribute shimmerLocal_sma_de_maxPos numeric
@attribute shimmerLocal_sma_de_minPos numeric
@attribute shimmerLocal_sma_de_linregc1 numeric
@attribute shimmerLocal_sma_de_linregc2 numeric
@attribute shimmerLocal_sma_de_linregerrQ numeric
@attribute shimmerLocal_sma_de_qregc1 numeric
@attribute shimmerLocal_sma_de_qregc2 numeric
@attribute shimmerLocal_sma_de_qregc3 numeric
@attribute shimmerLocal_sma_de_qregerrQ numeric
@attribute shimmerLocal_sma_de_centroid numeric
@attribute shimmerLocal_sma_de_quartile1 numeric
@attribute shimmerLocal_sma_de_quartile2 numeric
@attribute shimmerLocal_sma_de_quartile3 numeric
@attribute shimmerLocal_sma_de_iqr1-2 numeric
@attribute shimmerLocal_sma_de_iqr2-3 numeric
@attribute shimmerLocal_sma_de_iqr1-3 numeric
@attribute shimmerLocal_sma_de_percentile1.0 numeric
@attribute shimmerLocal_sma_de_percentile99.0 numeric
@attribute shimmerLocal_sma_de_pctlrange0-1 numeric
@attribute shimmerLocal_sma_de_stddev numeric
@attribute shimmerLocal_sma_de_skewness numeric
@attribute shimmerLocal_sma_de_kurtosis numeric
@attribute shimmerLocal_sma_de_upleveltime25 numeric
@attribute shimmerLocal_sma_de_upleveltime50 numeric
@attribute shimmerLocal_sma_de_upleveltime75 numeric
@attribute shimmerLocal_sma_de_upleveltime90 numeric
@attribute shimmerLocal_sma_de_risetime numeric
@attribute shimmerLocal_sma_de_leftctime numeric
@attribute shimmerLocal_sma_de_lpgain numeric
@attribute shimmerLocal_sma_de_lpc0 numeric
@attribute shimmerLocal_sma_de_lpc1 numeric
@attribute shimmerLocal_sma_de_lpc2 numeric
@attribute shimmerLocal_sma_de_lpc3 numeric
@attribute shimmerLocal_sma_de_lpc4 numeric
@attribute logHNR_sma_de_amean numeric
@attribute logHNR_sma_de_flatness numeric
@attribute logHNR_sma_de_posamean numeric
@attribute logHNR_sma_de_rqmean numeric
@attribute logHNR_sma_de_range numeric
@attribute logHNR_sma_de_maxPos numeric
@attribute logHNR_sma_de_minPos numeric
@attribute logHNR_sma_de_linregc1 numeric
@attribute logHNR_sma_de_linregc2 numeric
@attribute logHNR_sma_de_linregerrQ numeric
@attribute logHNR_sma_de_qregc1 numeric
@attribute logHNR_sma_de_qregc2 numeric
@attribute logHNR_sma_de_qregc3 numeric
@attribute logHNR_sma_de_qregerrQ numeric
@attribute logHNR_sma_de_centroid numeric
@attribute logHNR_sma_de_quartile1 numeric
@attribute logHNR_sma_de_quartile2 numeric
@attribute logHNR_sma_de_quartile3 numeric
@attribute logHNR_sma_de_iqr1-2 numeric
@attribute logHNR_sma_de_iqr2-3 numeric
@attribute logHNR_sma_de_iqr1-3 numeric
@attribute logHNR_sma_de_percentile1.0 numeric
@attribute logHNR_sma_de_percentile99.0 numeric
@attribute logHNR_sma_de_pctlrange0-1 numeric
@attribute logHNR_sma_de_stddev numeric
@attribute logHNR_sma_de_skewness numeric
@attribute logHNR_sma_de_kurtosis numeric
@attribute logHNR_sma_de_upleveltime25 numeric
@attribute logHNR_sma_de_upleveltime50 numeric
@attribute logHNR_sma_de_upleveltime75 numeric
@attribute logHNR_sma_de_upleveltime90 numeric
@attribute logHNR_sma_de_risetime numeric
@attribute logHNR_sma_de_leftctime numeric
@attribute logHNR_sma_de_lpgain numeric
@attribute logHNR_sma_de_lpc0 numeric
@attribute logHNR_sma_de_lpc1 numeric
@attribute logHNR_sma_de_lpc2 numeric
@attribute logHNR_sma_de_lpc3 numeric
@attribute logHNR_sma_de_lpc4 numeric
@attribute F0final_sma_ff0_nnz numeric
@attribute F0final_sma_ff0_meanSegLen numeric
@attribute F0final_sma_ff0_maxSegLen numeric
@attribute F0final_sma_ff0_minSegLen numeric
@attribute F0final_sma_ff0_segLenStddev numeric
@attribute audspec_lengthL1norm_sma_amean numeric
@attribute audspec_lengthL1norm_sma_flatness numeric
@attribute audspec_lengthL1norm_sma_rqmean numeric
@attribute audspec_lengthL1norm_sma_meanPeakDist numeric
@attribute audspec_lengthL1norm_sma_peakDistStddev numeric
@attribute audspec_lengthL1norm_sma_peakRangeAbs numeric
@attribute audspec_lengthL1norm_sma_peakRangeRel numeric
@attribute audspec_lengthL1norm_sma_peakMeanAbs numeric
@attribute audspec_lengthL1norm_sma_peakMeanMeanDist numeric
@attribute audspec_lengthL1norm_sma_peakMeanRel numeric
@attribute audspec_lengthL1norm_sma_minRangeRel numeric
@attribute audspec_lengthL1norm_sma_meanRisingSlope numeric
@attribute audspec_lengthL1norm_sma_stddevRisingSlope numeric
@attribute audspec_lengthL1norm_sma_meanFallingSlope numeric
@attribute audspec_lengthL1norm_sma_stddevFallingSlope numeric
@attribute audspec_lengthL1norm_sma_linregc1 numeric
@attribute audspec_lengthL1norm_sma_linregc2 numeric
@attribute audspec_lengthL1norm_sma_linregerrQ numeric
@attribute audspec_lengthL1norm_sma_qregc1 numeric
@attribute audspec_lengthL1norm_sma_qregc2 numeric
@attribute audspec_lengthL1norm_sma_qregc3 numeric
@attribute audspec_lengthL1norm_sma_qregerrQ numeric
@attribute audspec_lengthL1norm_sma_centroid numeric
@attribute audspecRasta_lengthL1norm_sma_amean numeric
@attribute audspecRasta_lengthL1norm_sma_flatness numeric
@attribute audspecRasta_lengthL1norm_sma_rqmean numeric
@attribute audspecRasta_lengthL1norm_sma_meanPeakDist numeric
@attribute audspecRasta_lengthL1norm_sma_peakDistStddev numeric
@attribute audspecRasta_lengthL1norm_sma_peakRangeAbs numeric
@attribute audspecRasta_lengthL1norm_sma_peakRangeRel numeric
@attribute audspecRasta_lengthL1norm_sma_peakMeanAbs numeric
@attribute audspecRasta_lengthL1norm_sma_peakMeanMeanDist numeric
@attribute audspecRasta_lengthL1norm_sma_peakMeanRel numeric
@attribute audspecRasta_lengthL1norm_sma_minRangeRel numeric
@attribute audspecRasta_lengthL1norm_sma_meanRisingSlope numeric
@attribute audspecRasta_lengthL1norm_sma_stddevRisingSlope numeric
@attribute audspecRasta_lengthL1norm_sma_meanFallingSlope numeric
@attribute audspecRasta_lengthL1norm_sma_stddevFallingSlope numeric
@attribute audspecRasta_lengthL1norm_sma_linregc1 numeric
@attribute audspecRasta_lengthL1norm_sma_linregc2 numeric
@attribute audspecRasta_lengthL1norm_sma_linregerrQ numeric
@attribute audspecRasta_lengthL1norm_sma_qregc1 numeric
@attribute audspecRasta_lengthL1norm_sma_qregc2 numeric
@attribute audspecRasta_lengthL1norm_sma_qregc3 numeric
@attribute audspecRasta_lengthL1norm_sma_qregerrQ numeric
@attribute audspecRasta_lengthL1norm_sma_centroid numeric
@attribute pcm_RMSenergy_sma_amean numeric
@attribute pcm_RMSenergy_sma_flatness numeric
@attribute pcm_RMSenergy_sma_rqmean numeric
@attribute pcm_RMSenergy_sma_meanPeakDist numeric
@attribute pcm_RMSenergy_sma_peakDistStddev numeric
@attribute pcm_RMSenergy_sma_peakRangeAbs numeric
@attribute pcm_RMSenergy_sma_peakRangeRel numeric
@attribute pcm_RMSenergy_sma_peakMeanAbs numeric
@attribute pcm_RMSenergy_sma_peakMeanMeanDist numeric
@attribute pcm_RMSenergy_sma_peakMeanRel numeric
@attribute pcm_RMSenergy_sma_minRangeRel numeric
@attribute pcm_RMSenergy_sma_meanRisingSlope numeric
@attribute pcm_RMSenergy_sma_stddevRisingSlope numeric
@attribute pcm_RMSenergy_sma_meanFallingSlope numeric
@attribute pcm_RMSenergy_sma_stddevFallingSlope numeric
@attribute pcm_RMSenergy_sma_linregc1 numeric
@attribute pcm_RMSenergy_sma_linregc2 numeric
@attribute pcm_RMSenergy_sma_linregerrQ numeric
@attribute pcm_RMSenergy_sma_qregc1 numeric
@attribute pcm_RMSenergy_sma_qregc2 numeric
@attribute pcm_RMSenergy_sma_qregc3 numeric
@attribute pcm_RMSenergy_sma_qregerrQ numeric
@attribute pcm_RMSenergy_sma_centroid numeric
@attribute pcm_zcr_sma_amean numeric
@attribute pcm_zcr_sma_flatness numeric
@attribute pcm_zcr_sma_rqmean numeric
@attribute pcm_zcr_sma_meanPeakDist numeric
@attribute pcm_zcr_sma_peakDistStddev numeric
@attribute pcm_zcr_sma_peakRangeAbs numeric
@attribute pcm_zcr_sma_peakRangeRel numeric
@attribute pcm_zcr_sma_peakMeanAbs numeric
@attribute pcm_zcr_sma_peakMeanMeanDist numeric
@attribute pcm_zcr_sma_peakMeanRel numeric
@attribute pcm_zcr_sma_minRangeRel numeric
@attribute pcm_zcr_sma_meanRisingSlope numeric
@attribute pcm_zcr_sma_stddevRisingSlope numeric
@attribute pcm_zcr_sma_meanFallingSlope numeric
@attribute pcm_zcr_sma_stddevFallingSlope numeric
@attribute pcm_zcr_sma_linregc1 numeric
@attribute pcm_zcr_sma_linregc2 numeric
@attribute pcm_zcr_sma_linregerrQ numeric
@attribute pcm_zcr_sma_qregc1 numeric
@attribute pcm_zcr_sma_qregc2 numeric
@attribute pcm_zcr_sma_qregc3 numeric
@attribute pcm_zcr_sma_qregerrQ numeric
@attribute pcm_zcr_sma_centroid numeric
@attribute audSpec_Rfilt_sma[0]_amean numeric
@attribute audSpec_Rfilt_sma[0]_flatness numeric
@attribute audSpec_Rfilt_sma[0]_rqmean numeric
@attribute audSpec_Rfilt_sma[0]_meanPeakDist numeric
@attribute audSpec_Rfilt_sma[0]_peakDistStddev numeric
@attribute audSpec_Rfilt_sma[0]_peakRangeAbs numeric
@attribute audSpec_Rfilt_sma[0]_peakRangeRel numeric
@attribute audSpec_Rfilt_sma[0]_peakMeanAbs numeric
@attribute audSpec_Rfilt_sma[0]_peakMeanMeanDist numeric
@attribute audSpec_Rfilt_sma[0]_peakMeanRel numeric
@attribute audSpec_Rfilt_sma[0]_minRangeRel numeric
@attribute audSpec_Rfilt_sma[0]_meanRisingSlope numeric
@attribute audSpec_Rfilt_sma[0]_stddevRisingSlope numeric
@attribute audSpec_Rfilt_sma[0]_meanFallingSlope numeric
@attribute audSpec_Rfilt_sma[0]_stddevFallingSlope numeric
@attribute audSpec_Rfilt_sma[0]_linregc1 numeric
@attribute audSpec_Rfilt_sma[0]_linregc2 numeric
@attribute audSpec_Rfilt_sma[0]_linregerrQ numeric
@attribute audSpec_Rfilt_sma[0]_qregc1 numeric
@attribute audSpec_Rfilt_sma[0]_qregc2 numeric
@attribute audSpec_Rfilt_sma[0]_qregc3 numeric
@attribute audSpec_Rfilt_sma[0]_qregerrQ numeric
@attribute audSpec_Rfilt_sma[0]_centroid numeric
@attribute audSpec_Rfilt_sma[1]_amean numeric
@attribute audSpec_Rfilt_sma[1]_flatness numeric
@attribute audSpec_Rfilt_sma[1]_rqmean numeric
@attribute audSpec_Rfilt_sma[1]_meanPeakDist numeric
@attribute audSpec_Rfilt_sma[1]_peakDistStddev numeric
@attribute audSpec_Rfilt_sma[1]_peakRangeAbs numeric
@attribute audSpec_Rfilt_sma[1]_peakRangeRel numeric
@attribute audSpec_Rfilt_sma[1]_peakMeanAbs numeric
@attribute audSpec_Rfilt_sma[1]_peakMeanMeanDist numeric
@attribute audSpec_Rfilt_sma[1]_peakMeanRel numeric
@attribute audSpec_Rfilt_sma[1]_minRangeRel numeric
@attribute audSpec_Rfilt_sma[1]_meanRisingSlope numeric
@attribute audSpec_Rfilt_sma[1]_stddevRisingSlope numeric
@attribute audSpec_Rfilt_sma[1]_meanFallingSlope numeric
@attribute audSpec_Rfilt_sma[1]_stddevFallingSlope numeric
@attribute audSpec_Rfilt_sma[1]_linregc1 numeric
@attribute audSpec_Rfilt_sma[1]_linregc2 numeric
@attribute audSpec_Rfilt_sma[1]_linregerrQ numeric
@attribute audSpec_Rfilt_sma[1]_qregc1 numeric
@attribute audSpec_Rfilt_sma[1]_qregc2 numeric
@attribute audSpec_Rfilt_sma[1]_qregc3 numeric
@attribute audSpec_Rfilt_sma[1]_qregerrQ numeric
@attribute audSpec_Rfilt_sma[1]_centroid numeric
@attribute audSpec_Rfilt_sma[2]_amean numeric
@attribute audSpec_Rfilt_sma[2]_flatness numeric
@attribute audSpec_Rfilt_sma[2]_rqmean numeric
@attribute audSpec_Rfilt_sma[2]_meanPeakDist numeric
@attribute audSpec_Rfilt_sma[2]_peakDistStddev numeric
@attribute audSpec_Rfilt_sma[2]_peakRangeAbs numeric
@attribute audSpec_Rfilt_sma[2]_peakRangeRel numeric
@attribute audSpec_Rfilt_sma[2]_peakMeanAbs numeric
@attribute audSpec_Rfilt_sma[2]_peakMeanMeanDist numeric
@attribute audSpec_Rfilt_sma[2]_peakMeanRel numeric
@attribute audSpec_Rfilt_sma[2]_minRangeRel numeric
@attribute audSpec_Rfilt_sma[2]_meanRisingSlope numeric
@attribute audSpec_Rfilt_sma[2]_stddevRisingSlope numeric
@attribute audSpec_Rfilt_sma[2]_meanFallingSlope numeric
@attribute audSpec_Rfilt_sma[2]_stddevFallingSlope numeric
@attribute audSpec_Rfilt_sma[2]_linregc1 numeric
@attribute audSpec_Rfilt_sma[2]_linregc2 numeric
@attribute audSpec_Rfilt_sma[2]_linregerrQ numeric
@attribute audSpec_Rfilt_sma[2]_qregc1 numeric
@attribute audSpec_Rfilt_sma[2]_qregc2 numeric
@attribute audSpec_Rfilt_sma[2]_qregc3 numeric
@attribute audSpec_Rfilt_sma[2]_qregerrQ numeric
@attribute audSpec_Rfilt_sma[2]_centroid numeric
@attribute audSpec_Rfilt_sma[3]_amean numeric
@attribute audSpec_Rfilt_sma[3]_flatness numeric
@attribute audSpec_Rfilt_sma[3]_rqmean numeric
@attribute audSpec_Rfilt_sma[3]_meanPeakDist numeric
@attribute audSpec_Rfilt_sma[3]_peakDistStddev numeric
@attribute audSpec_Rfilt_sma[3]_peakRangeAbs numeric
@attribute audSpec_Rfilt_sma[3]_peakRangeRel numeric
@attribute audSpec_Rfilt_sma[3]_peakMeanAbs numeric
@attribute audSpec_Rfilt_sma[3]_peakMeanMeanDist numeric
@attribute audSpec_Rfilt_sma[3]_peakMeanRel numeric
@attribute audSpec_Rfilt_sma[3]_minRangeRel numeric
@attribute audSpec_Rfilt_sma[3]_meanRisingSlope numeric
@attribute audSpec_Rfilt_sma[3]_stddevRisingSlope numeric
@attribute audSpec_Rfilt_sma[3]_meanFallingSlope numeric
@attribute audSpec_Rfilt_sma[3]_stddevFallingSlope numeric
@attribute audSpec_Rfilt_sma[3]_linregc1 numeric
@attribute audSpec_Rfilt_sma[3]_linregc2 numeric
@attribute audSpec_Rfilt_sma[3]_linregerrQ numeric
@attribute audSpec_Rfilt_sma[3]_qregc1 numeric
@attribute audSpec_Rfilt_sma[3]_qregc2 numeric
@attribute audSpec_Rfilt_sma[3]_qregc3 numeric
@attribute audSpec_Rfilt_sma[3]_qregerrQ numeric
@attribute audSpec_Rfilt_sma[3]_centroid numeric
@attribute audSpec_Rfilt_sma[4]_amean numeric
@attribute audSpec_Rfilt_sma[4]_flatness numeric
@attribute audSpec_Rfilt_sma[4]_rqmean numeric
@attribute audSpec_Rfilt_sma[4]_meanPeakDist numeric
@attribute audSpec_Rfilt_sma[4]_peakDistStddev numeric
@attribute audSpec_Rfilt_sma[4]_peakRangeAbs numeric
@attribute audSpec_Rfilt_sma[4]_peakRangeRel numeric
@attribute audSpec_Rfilt_sma[4]_peakMeanAbs numeric
@attribute audSpec_Rfilt_sma[4]_peakMeanMeanDist numeric
@attribute audSpec_Rfilt_sma[4]_peakMeanRel numeric
@attribute audSpec_Rfilt_sma[4]_minRangeRel numeric
@attribute audSpec_Rfilt_sma[4]_meanRisingSlope numeric
@attribute audSpec_Rfilt_sma[4]_stddevRisingSlope numeric
@attribute audSpec_Rfilt_sma[4]_meanFallingSlope numeric
@attribute audSpec_Rfilt_sma[4]_stddevFallingSlope numeric
@attribute audSpec_Rfilt_sma[4]_linregc1 numeric
@attribute audSpec_Rfilt_sma[4]_linregc2 numeric
@attribute audSpec_Rfilt_sma[4]_linregerrQ numeric
@attribute audSpec_Rfilt_sma[4]_qregc1 numeric
@attribute audSpec_Rfilt_sma[4]_qregc2 numeric
@attribute audSpec_Rfilt_sma[4]_qregc3 numeric
@attribute audSpec_Rfilt_sma[4]_qregerrQ numeric
@attribute audSpec_Rfilt_sma[4]_centroid numeric
@attribute audSpec_Rfilt_sma[5]_amean numeric
@attribute audSpec_Rfilt_sma[5]_flatness numeric
@attribute audSpec_Rfilt_sma[5]_rqmean numeric
@attribute audSpec_Rfilt_sma[5]_meanPeakDist numeric
@attribute audSpec_Rfilt_sma[5]_peakDistStddev numeric
@attribute audSpec_Rfilt_sma[5]_peakRangeAbs numeric
@attribute audSpec_Rfilt_sma[5]_peakRangeRel numeric
@attribute audSpec_Rfilt_sma[5]_peakMeanAbs numeric
@attribute audSpec_Rfilt_sma[5]_peakMeanMeanDist numeric
@attribute audSpec_Rfilt_sma[5]_peakMeanRel numeric
@attribute audSpec_Rfilt_sma[5]_minRangeRel numeric
@attribute audSpec_Rfilt_sma[5]_meanRisingSlope numeric
@attribute audSpec_Rfilt_sma[5]_stddevRisingSlope numeric
@attribute audSpec_Rfilt_sma[5]_meanFallingSlope numeric
@attribute audSpec_Rfilt_sma[5]_stddevFallingSlope numeric
@attribute audSpec_Rfilt_sma[5]_linregc1 numeric
@attribute audSpec_Rfilt_sma[5]_linregc2 numeric
@attribute audSpec_Rfilt_sma[5]_linregerrQ numeric
@attribute audSpec_Rfilt_sma[5]_qregc1 numeric
@attribute audSpec_Rfilt_sma[5]_qregc2 numeric
@attribute audSpec_Rfilt_sma[5]_qregc3 numeric
@attribute audSpec_Rfilt_sma[5]_qregerrQ numeric
@attribute audSpec_Rfilt_sma[5]_centroid numeric
@attribute audSpec_Rfilt_sma[6]_amean numeric
@attribute audSpec_Rfilt_sma[6]_flatness numeric
@attribute audSpec_Rfilt_sma[6]_rqmean numeric
@attribute audSpec_Rfilt_sma[6]_meanPeakDist numeric
@attribute audSpec_Rfilt_sma[6]_peakDistStddev numeric
@attribute audSpec_Rfilt_sma[6]_peakRangeAbs numeric
@attribute audSpec_Rfilt_sma[6]_peakRangeRel numeric
@attribute audSpec_Rfilt_sma[6]_peakMeanAbs numeric
@attribute audSpec_Rfilt_sma[6]_peakMeanMeanDist numeric
@attribute audSpec_Rfilt_sma[6]_peakMeanRel numeric
@attribute audSpec_Rfilt_sma[6]_minRangeRel numeric
@attribute audSpec_Rfilt_sma[6]_meanRisingSlope numeric
@attribute audSpec_Rfilt_sma[6]_stddevRisingSlope numeric
@attribute audSpec_Rfilt_sma[6]_meanFallingSlope numeric
@attribute audSpec_Rfilt_sma[6]_stddevFallingSlope numeric
@attribute audSpec_Rfilt_sma[6]_linregc1 numeric
@attribute audSpec_Rfilt_sma[6]_linregc2 numeric
@attribute audSpec_Rfilt_sma[6]_linregerrQ numeric
@attribute audSpec_Rfilt_sma[6]_qregc1 numeric
@attribute audSpec_Rfilt_sma[6]_qregc2 numeric
@attribute audSpec_Rfilt_sma[6]_qregc3 numeric
@attribute audSpec_Rfilt_sma[6]_qregerrQ numeric
@attribute audSpec_Rfilt_sma[6]_centroid numeric
@attribute audSpec_Rfilt_sma[7]_amean numeric
@attribute audSpec_Rfilt_sma[7]_flatness numeric
@attribute audSpec_Rfilt_sma[7]_rqmean numeric
@attribute audSpec_Rfilt_sma[7]_meanPeakDist numeric
@attribute audSpec_Rfilt_sma[7]_peakDistStddev numeric
@attribute audSpec_Rfilt_sma[7]_peakRangeAbs numeric
@attribute audSpec_Rfilt_sma[7]_peakRangeRel numeric
@attribute audSpec_Rfilt_sma[7]_peakMeanAbs numeric
@attribute audSpec_Rfilt_sma[7]_peakMeanMeanDist numeric
@attribute audSpec_Rfilt_sma[7]_peakMeanRel numeric
@attribute audSpec_Rfilt_sma[7]_minRangeRel numeric
@attribute audSpec_Rfilt_sma[7]_meanRisingSlope numeric
@attribute audSpec_Rfilt_sma[7]_stddevRisingSlope numeric
@attribute audSpec_Rfilt_sma[7]_meanFallingSlope numeric
@attribute audSpec_Rfilt_sma[7]_stddevFallingSlope numeric
@attribute audSpec_Rfilt_sma[7]_linregc1 numeric
@attribute audSpec_Rfilt_sma[7]_linregc2 numeric
@attribute audSpec_Rfilt_sma[7]_linregerrQ numeric
@attribute audSpec_Rfilt_sma[7]_qregc1 numeric
@attribute audSpec_Rfilt_sma[7]_qregc2 numeric
@attribute audSpec_Rfilt_sma[7]_qregc3 numeric
@attribute audSpec_Rfilt_sma[7]_qregerrQ numeric
@attribute audSpec_Rfilt_sma[7]_centroid numeric
@attribute audSpec_Rfilt_sma[8]_amean numeric
@attribute audSpec_Rfilt_sma[8]_flatness numeric
@attribute audSpec_Rfilt_sma[8]_rqmean numeric
@attribute audSpec_Rfilt_sma[8]_meanPeakDist numeric
@attribute audSpec_Rfilt_sma[8]_peakDistStddev numeric
@attribute audSpec_Rfilt_sma[8]_peakRangeAbs numeric
@attribute audSpec_Rfilt_sma[8]_peakRangeRel numeric
@attribute audSpec_Rfilt_sma[8]_peakMeanAbs numeric
@attribute audSpec_Rfilt_sma[8]_peakMeanMeanDist numeric
@attribute audSpec_Rfilt_sma[8]_peakMeanRel numeric
@attribute audSpec_Rfilt_sma[8]_minRangeRel numeric
@attribute audSpec_Rfilt_sma[8]_meanRisingSlope numeric
@attribute audSpec_Rfilt_sma[8]_stddevRisingSlope numeric
@attribute audSpec_Rfilt_sma[8]_meanFallingSlope numeric
@attribute audSpec_Rfilt_sma[8]_stddevFallingSlope numeric
@attribute audSpec_Rfilt_sma[8]_linregc1 numeric
@attribute audSpec_Rfilt_sma[8]_linregc2 numeric
@attribute audSpec_Rfilt_sma[8]_linregerrQ numeric
@attribute audSpec_Rfilt_sma[8]_qregc1 numeric
@attribute audSpec_Rfilt_sma[8]_qregc2 numeric
@attribute audSpec_Rfilt_sma[8]_qregc3 numeric
@attribute audSpec_Rfilt_sma[8]_qregerrQ numeric
@attribute audSpec_Rfilt_sma[8]_centroid numeric
@attribute audSpec_Rfilt_sma[9]_amean numeric
@attribute audSpec_Rfilt_sma[9]_flatness numeric
@attribute audSpec_Rfilt_sma[9]_rqmean numeric
@attribute audSpec_Rfilt_sma[9]_meanPeakDist numeric
@attribute audSpec_Rfilt_sma[9]_peakDistStddev numeric
@attribute audSpec_Rfilt_sma[9]_peakRangeAbs numeric
@attribute audSpec_Rfilt_sma[9]_peakRangeRel numeric
@attribute audSpec_Rfilt_sma[9]_peakMeanAbs numeric
@attribute audSpec_Rfilt_sma[9]_peakMeanMeanDist numeric
@attribute audSpec_Rfilt_sma[9]_peakMeanRel numeric
@attribute audSpec_Rfilt_sma[9]_minRangeRel numeric
@attribute audSpec_Rfilt_sma[9]_meanRisingSlope numeric
@attribute audSpec_Rfilt_sma[9]_stddevRisingSlope numeric
@attribute audSpec_Rfilt_sma[9]_meanFallingSlope numeric
@attribute audSpec_Rfilt_sma[9]_stddevFallingSlope numeric
@attribute audSpec_Rfilt_sma[9]_linregc1 numeric
@attribute audSpec_Rfilt_sma[9]_linregc2 numeric
@attribute audSpec_Rfilt_sma[9]_linregerrQ numeric
@attribute audSpec_Rfilt_sma[9]_qregc1 numeric
@attribute audSpec_Rfilt_sma[9]_qregc2 numeric
@attribute audSpec_Rfilt_sma[9]_qregc3 numeric
@attribute audSpec_Rfilt_sma[9]_qregerrQ numeric
@attribute audSpec_Rfilt_sma[9]_centroid numeric
@attribute audSpec_Rfilt_sma[10]_amean numeric
@attribute audSpec_Rfilt_sma[10]_flatness numeric
@attribute audSpec_Rfilt_sma[10]_rqmean numeric
@attribute audSpec_Rfilt_sma[10]_meanPeakDist numeric
@attribute audSpec_Rfilt_sma[10]_peakDistStddev numeric
@attribute audSpec_Rfilt_sma[10]_peakRangeAbs numeric
@attribute audSpec_Rfilt_sma[10]_peakRangeRel numeric
@attribute audSpec_Rfilt_sma[10]_peakMeanAbs numeric
@attribute audSpec_Rfilt_sma[10]_peakMeanMeanDist numeric
@attribute audSpec_Rfilt_sma[10]_peakMeanRel numeric
@attribute audSpec_Rfilt_sma[10]_minRangeRel numeric
@attribute audSpec_Rfilt_sma[10]_meanRisingSlope numeric
@attribute audSpec_Rfilt_sma[10]_stddevRisingSlope numeric
@attribute audSpec_Rfilt_sma[10]_meanFallingSlope numeric
@attribute audSpec_Rfilt_sma[10]_stddevFallingSlope numeric
@attribute audSpec_Rfilt_sma[10]_linregc1 numeric
@attribute audSpec_Rfilt_sma[10]_linregc2 numeric
@attribute audSpec_Rfilt_sma[10]_linregerrQ numeric
@attribute audSpec_Rfilt_sma[10]_qregc1 numeric
@attribute audSpec_Rfilt_sma[10]_qregc2 numeric
@attribute audSpec_Rfilt_sma[10]_qregc3 numeric
@attribute audSpec_Rfilt_sma[10]_qregerrQ numeric
@attribute audSpec_Rfilt_sma[10]_centroid numeric
@attribute audSpec_Rfilt_sma[11]_amean numeric
@attribute audSpec_Rfilt_sma[11]_flatness numeric
@attribute audSpec_Rfilt_sma[11]_rqmean numeric
@attribute audSpec_Rfilt_sma[11]_meanPeakDist numeric
@attribute audSpec_Rfilt_sma[11]_peakDistStddev numeric
@attribute audSpec_Rfilt_sma[11]_peakRangeAbs numeric
@attribute audSpec_Rfilt_sma[11]_peakRangeRel numeric
@attribute audSpec_Rfilt_sma[11]_peakMeanAbs numeric
@attribute audSpec_Rfilt_sma[11]_peakMeanMeanDist numeric
@attribute audSpec_Rfilt_sma[11]_peakMeanRel numeric
@attribute audSpec_Rfilt_sma[11]_minRangeRel numeric
@attribute audSpec_Rfilt_sma[11]_meanRisingSlope numeric
@attribute audSpec_Rfilt_sma[11]_stddevRisingSlope numeric
@attribute audSpec_Rfilt_sma[11]_meanFallingSlope numeric
@attribute audSpec_Rfilt_sma[11]_stddevFallingSlope numeric
@attribute audSpec_Rfilt_sma[11]_linregc1 numeric
@attribute audSpec_Rfilt_sma[11]_linregc2 numeric
@attribute audSpec_Rfilt_sma[11]_linregerrQ numeric
@attribute audSpec_Rfilt_sma[11]_qregc1 numeric
@attribute audSpec_Rfilt_sma[11]_qregc2 numeric
@attribute audSpec_Rfilt_sma[11]_qregc3 numeric
@attribute audSpec_Rfilt_sma[11]_qregerrQ numeric
@attribute audSpec_Rfilt_sma[11]_centroid numeric
@attribute audSpec_Rfilt_sma[12]_amean numeric
@attribute audSpec_Rfilt_sma[12]_flatness numeric
@attribute audSpec_Rfilt_sma[12]_rqmean numeric
@attribute audSpec_Rfilt_sma[12]_meanPeakDist numeric
@attribute audSpec_Rfilt_sma[12]_peakDistStddev numeric
@attribute audSpec_Rfilt_sma[12]_peakRangeAbs numeric
@attribute audSpec_Rfilt_sma[12]_peakRangeRel numeric
@attribute audSpec_Rfilt_sma[12]_peakMeanAbs numeric
@attribute audSpec_Rfilt_sma[12]_peakMeanMeanDist numeric
@attribute audSpec_Rfilt_sma[12]_peakMeanRel numeric
@attribute audSpec_Rfilt_sma[12]_minRangeRel numeric
@attribute audSpec_Rfilt_sma[12]_meanRisingSlope numeric
@attribute audSpec_Rfilt_sma[12]_stddevRisingSlope numeric
@attribute audSpec_Rfilt_sma[12]_meanFallingSlope numeric
@attribute audSpec_Rfilt_sma[12]_stddevFallingSlope numeric
@attribute audSpec_Rfilt_sma[12]_linregc1 numeric
@attribute audSpec_Rfilt_sma[12]_linregc2 numeric
@attribute audSpec_Rfilt_sma[12]_linregerrQ numeric
@attribute audSpec_Rfilt_sma[12]_qregc1 numeric
@attribute audSpec_Rfilt_sma[12]_qregc2 numeric
@attribute audSpec_Rfilt_sma[12]_qregc3 numeric
@attribute audSpec_Rfilt_sma[12]_qregerrQ numeric
@attribute audSpec_Rfilt_sma[12]_centroid numeric
@attribute audSpec_Rfilt_sma[13]_amean numeric
@attribute audSpec_Rfilt_sma[13]_flatness numeric
@attribute audSpec_Rfilt_sma[13]_rqmean numeric
@attribute audSpec_Rfilt_sma[13]_meanPeakDist numeric
@attribute audSpec_Rfilt_sma[13]_peakDistStddev numeric
@attribute audSpec_Rfilt_sma[13]_peakRangeAbs numeric
@attribute audSpec_Rfilt_sma[13]_peakRangeRel numeric
@attribute audSpec_Rfilt_sma[13]_peakMeanAbs numeric
@attribute audSpec_Rfilt_sma[13]_peakMeanMeanDist numeric
@attribute audSpec_Rfilt_sma[13]_peakMeanRel numeric
@attribute audSpec_Rfilt_sma[13]_minRangeRel numeric
@attribute audSpec_Rfilt_sma[13]_meanRisingSlope numeric
@attribute audSpec_Rfilt_sma[13]_stddevRisingSlope numeric
@attribute audSpec_Rfilt_sma[13]_meanFallingSlope numeric
@attribute audSpec_Rfilt_sma[13]_stddevFallingSlope numeric
@attribute audSpec_Rfilt_sma[13]_linregc1 numeric
@attribute audSpec_Rfilt_sma[13]_linregc2 numeric
@attribute audSpec_Rfilt_sma[13]_linregerrQ numeric
@attribute audSpec_Rfilt_sma[13]_qregc1 numeric
@attribute audSpec_Rfilt_sma[13]_qregc2 numeric
@attribute audSpec_Rfilt_sma[13]_qregc3 numeric
@attribute audSpec_Rfilt_sma[13]_qregerrQ numeric
@attribute audSpec_Rfilt_sma[13]_centroid numeric
@attribute audSpec_Rfilt_sma[14]_amean numeric
@attribute audSpec_Rfilt_sma[14]_flatness numeric
@attribute audSpec_Rfilt_sma[14]_rqmean numeric
@attribute audSpec_Rfilt_sma[14]_meanPeakDist numeric
@attribute audSpec_Rfilt_sma[14]_peakDistStddev numeric
@attribute audSpec_Rfilt_sma[14]_peakRangeAbs numeric
@attribute audSpec_Rfilt_sma[14]_peakRangeRel numeric
@attribute audSpec_Rfilt_sma[14]_peakMeanAbs numeric
@attribute audSpec_Rfilt_sma[14]_peakMeanMeanDist numeric
@attribute audSpec_Rfilt_sma[14]_peakMeanRel numeric
@attribute audSpec_Rfilt_sma[14]_minRangeRel numeric
@attribute audSpec_Rfilt_sma[14]_meanRisingSlope numeric
@attribute audSpec_Rfilt_sma[14]_stddevRisingSlope numeric
@attribute audSpec_Rfilt_sma[14]_meanFallingSlope numeric
@attribute audSpec_Rfilt_sma[14]_stddevFallingSlope numeric
@attribute audSpec_Rfilt_sma[14]_linregc1 numeric
@attribute audSpec_Rfilt_sma[14]_linregc2 numeric
@attribute audSpec_Rfilt_sma[14]_linregerrQ numeric
@attribute audSpec_Rfilt_sma[14]_qregc1 numeric
@attribute audSpec_Rfilt_sma[14]_qregc2 numeric
@attribute audSpec_Rfilt_sma[14]_qregc3 numeric
@attribute audSpec_Rfilt_sma[14]_qregerrQ numeric
@attribute audSpec_Rfilt_sma[14]_centroid numeric
@attribute audSpec_Rfilt_sma[15]_amean numeric
@attribute audSpec_Rfilt_sma[15]_flatness numeric
@attribute audSpec_Rfilt_sma[15]_rqmean numeric
@attribute audSpec_Rfilt_sma[15]_meanPeakDist numeric
@attribute audSpec_Rfilt_sma[15]_peakDistStddev numeric
@attribute audSpec_Rfilt_sma[15]_peakRangeAbs numeric
@attribute audSpec_Rfilt_sma[15]_peakRangeRel numeric
@attribute audSpec_Rfilt_sma[15]_peakMeanAbs numeric
@attribute audSpec_Rfilt_sma[15]_peakMeanMeanDist numeric
@attribute audSpec_Rfilt_sma[15]_peakMeanRel numeric
@attribute audSpec_Rfilt_sma[15]_minRangeRel numeric
@attribute audSpec_Rfilt_sma[15]_meanRisingSlope numeric
@attribute audSpec_Rfilt_sma[15]_stddevRisingSlope numeric
@attribute audSpec_Rfilt_sma[15]_meanFallingSlope numeric
@attribute audSpec_Rfilt_sma[15]_stddevFallingSlope numeric
@attribute audSpec_Rfilt_sma[15]_linregc1 numeric
@attribute audSpec_Rfilt_sma[15]_linregc2 numeric
@attribute audSpec_Rfilt_sma[15]_linregerrQ numeric
@attribute audSpec_Rfilt_sma[15]_qregc1 numeric
@attribute audSpec_Rfilt_sma[15]_qregc2 numeric
@attribute audSpec_Rfilt_sma[15]_qregc3 numeric
@attribute audSpec_Rfilt_sma[15]_qregerrQ numeric
@attribute audSpec_Rfilt_sma[15]_centroid numeric
@attribute audSpec_Rfilt_sma[16]_amean numeric
@attribute audSpec_Rfilt_sma[16]_flatness numeric
@attribute audSpec_Rfilt_sma[16]_rqmean numeric
@attribute audSpec_Rfilt_sma[16]_meanPeakDist numeric
@attribute audSpec_Rfilt_sma[16]_peakDistStddev numeric
@attribute audSpec_Rfilt_sma[16]_peakRangeAbs numeric
@attribute audSpec_Rfilt_sma[16]_peakRangeRel numeric
@attribute audSpec_Rfilt_sma[16]_peakMeanAbs numeric
@attribute audSpec_Rfilt_sma[16]_peakMeanMeanDist numeric
@attribute audSpec_Rfilt_sma[16]_peakMeanRel numeric
@attribute audSpec_Rfilt_sma[16]_minRangeRel numeric
@attribute audSpec_Rfilt_sma[16]_meanRisingSlope numeric
@attribute audSpec_Rfilt_sma[16]_stddevRisingSlope numeric
@attribute audSpec_Rfilt_sma[16]_meanFallingSlope numeric
@attribute audSpec_Rfilt_sma[16]_stddevFallingSlope numeric
@attribute audSpec_Rfilt_sma[16]_linregc1 numeric
@attribute audSpec_Rfilt_sma[16]_linregc2 numeric
@attribute audSpec_Rfilt_sma[16]_linregerrQ numeric
@attribute audSpec_Rfilt_sma[16]_qregc1 numeric
@attribute audSpec_Rfilt_sma[16]_qregc2 numeric
@attribute audSpec_Rfilt_sma[16]_qregc3 numeric
@attribute audSpec_Rfilt_sma[16]_qregerrQ numeric
@attribute audSpec_Rfilt_sma[16]_centroid numeric
@attribute audSpec_Rfilt_sma[17]_amean numeric
@attribute audSpec_Rfilt_sma[17]_flatness numeric
@attribute audSpec_Rfilt_sma[17]_rqmean numeric
@attribute audSpec_Rfilt_sma[17]_meanPeakDist numeric
@attribute audSpec_Rfilt_sma[17]_peakDistStddev numeric
@attribute audSpec_Rfilt_sma[17]_peakRangeAbs numeric
@attribute audSpec_Rfilt_sma[17]_peakRangeRel numeric
@attribute audSpec_Rfilt_sma[17]_peakMeanAbs numeric
@attribute audSpec_Rfilt_sma[17]_peakMeanMeanDist numeric
@attribute audSpec_Rfilt_sma[17]_peakMeanRel numeric
@attribute audSpec_Rfilt_sma[17]_minRangeRel numeric
@attribute audSpec_Rfilt_sma[17]_meanRisingSlope numeric
@attribute audSpec_Rfilt_sma[17]_stddevRisingSlope numeric
@attribute audSpec_Rfilt_sma[17]_meanFallingSlope numeric
@attribute audSpec_Rfilt_sma[17]_stddevFallingSlope numeric
@attribute audSpec_Rfilt_sma[17]_linregc1 numeric
@attribute audSpec_Rfilt_sma[17]_linregc2 numeric
@attribute audSpec_Rfilt_sma[17]_linregerrQ numeric
@attribute audSpec_Rfilt_sma[17]_qregc1 numeric
@attribute audSpec_Rfilt_sma[17]_qregc2 numeric
@attribute audSpec_Rfilt_sma[17]_qregc3 numeric
@attribute audSpec_Rfilt_sma[17]_qregerrQ numeric
@attribute audSpec_Rfilt_sma[17]_centroid numeric
@attribute audSpec_Rfilt_sma[18]_amean numeric
@attribute audSpec_Rfilt_sma[18]_flatness numeric
@attribute audSpec_Rfilt_sma[18]_rqmean numeric
@attribute audSpec_Rfilt_sma[18]_meanPeakDist numeric
@attribute audSpec_Rfilt_sma[18]_peakDistStddev numeric
@attribute audSpec_Rfilt_sma[18]_peakRangeAbs numeric
@attribute audSpec_Rfilt_sma[18]_peakRangeRel numeric
@attribute audSpec_Rfilt_sma[18]_peakMeanAbs numeric
@attribute audSpec_Rfilt_sma[18]_peakMeanMeanDist numeric
@attribute audSpec_Rfilt_sma[18]_peakMeanRel numeric
@attribute audSpec_Rfilt_sma[18]_minRangeRel numeric
@attribute audSpec_Rfilt_sma[18]_meanRisingSlope numeric
@attribute audSpec_Rfilt_sma[18]_stddevRisingSlope numeric
@attribute audSpec_Rfilt_sma[18]_meanFallingSlope numeric
@attribute audSpec_Rfilt_sma[18]_stddevFallingSlope numeric
@attribute audSpec_Rfilt_sma[18]_linregc1 numeric
@attribute audSpec_Rfilt_sma[18]_linregc2 numeric
@attribute audSpec_Rfilt_sma[18]_linregerrQ numeric
@attribute audSpec_Rfilt_sma[18]_qregc1 numeric
@attribute audSpec_Rfilt_sma[18]_qregc2 numeric
@attribute audSpec_Rfilt_sma[18]_qregc3 numeric
@attribute audSpec_Rfilt_sma[18]_qregerrQ numeric
@attribute audSpec_Rfilt_sma[18]_centroid numeric
@attribute audSpec_Rfilt_sma[19]_amean numeric
@attribute audSpec_Rfilt_sma[19]_flatness numeric
@attribute audSpec_Rfilt_sma[19]_rqmean numeric
@attribute audSpec_Rfilt_sma[19]_meanPeakDist numeric
@attribute audSpec_Rfilt_sma[19]_peakDistStddev numeric
@attribute audSpec_Rfilt_sma[19]_peakRangeAbs numeric
@attribute audSpec_Rfilt_sma[19]_peakRangeRel numeric
@attribute audSpec_Rfilt_sma[19]_peakMeanAbs numeric
@attribute audSpec_Rfilt_sma[19]_peakMeanMeanDist numeric
@attribute audSpec_Rfilt_sma[19]_peakMeanRel numeric
@attribute audSpec_Rfilt_sma[19]_minRangeRel numeric
@attribute audSpec_Rfilt_sma[19]_meanRisingSlope numeric
@attribute audSpec_Rfilt_sma[19]_stddevRisingSlope numeric
@attribute audSpec_Rfilt_sma[19]_meanFallingSlope numeric
@attribute audSpec_Rfilt_sma[19]_stddevFallingSlope numeric
@attribute audSpec_Rfilt_sma[19]_linregc1 numeric
@attribute audSpec_Rfilt_sma[19]_linregc2 numeric
@attribute audSpec_Rfilt_sma[19]_linregerrQ numeric
@attribute audSpec_Rfilt_sma[19]_qregc1 numeric
@attribute audSpec_Rfilt_sma[19]_qregc2 numeric
@attribute audSpec_Rfilt_sma[19]_qregc3 numeric
@attribute audSpec_Rfilt_sma[19]_qregerrQ numeric
@attribute audSpec_Rfilt_sma[19]_centroid numeric
@attribute audSpec_Rfilt_sma[20]_amean numeric
@attribute audSpec_Rfilt_sma[20]_flatness numeric
@attribute audSpec_Rfilt_sma[20]_rqmean numeric
@attribute audSpec_Rfilt_sma[20]_meanPeakDist numeric
@attribute audSpec_Rfilt_sma[20]_peakDistStddev numeric
@attribute audSpec_Rfilt_sma[20]_peakRangeAbs numeric
@attribute audSpec_Rfilt_sma[20]_peakRangeRel numeric
@attribute audSpec_Rfilt_sma[20]_peakMeanAbs numeric
@attribute audSpec_Rfilt_sma[20]_peakMeanMeanDist numeric
@attribute audSpec_Rfilt_sma[20]_peakMeanRel numeric
@attribute audSpec_Rfilt_sma[20]_minRangeRel numeric
@attribute audSpec_Rfilt_sma[20]_meanRisingSlope numeric
@attribute audSpec_Rfilt_sma[20]_stddevRisingSlope numeric
@attribute audSpec_Rfilt_sma[20]_meanFallingSlope numeric
@attribute audSpec_Rfilt_sma[20]_stddevFallingSlope numeric
@attribute audSpec_Rfilt_sma[20]_linregc1 numeric
@attribute audSpec_Rfilt_sma[20]_linregc2 numeric
@attribute audSpec_Rfilt_sma[20]_linregerrQ numeric
@attribute audSpec_Rfilt_sma[20]_qregc1 numeric
@attribute audSpec_Rfilt_sma[20]_qregc2 numeric
@attribute audSpec_Rfilt_sma[20]_qregc3 numeric
@attribute audSpec_Rfilt_sma[20]_qregerrQ numeric
@attribute audSpec_Rfilt_sma[20]_centroid numeric
@attribute audSpec_Rfilt_sma[21]_amean numeric
@attribute audSpec_Rfilt_sma[21]_flatness numeric
@attribute audSpec_Rfilt_sma[21]_rqmean numeric
@attribute audSpec_Rfilt_sma[21]_meanPeakDist numeric
@attribute audSpec_Rfilt_sma[21]_peakDistStddev numeric
@attribute audSpec_Rfilt_sma[21]_peakRangeAbs numeric
@attribute audSpec_Rfilt_sma[21]_peakRangeRel numeric
@attribute audSpec_Rfilt_sma[21]_peakMeanAbs numeric
@attribute audSpec_Rfilt_sma[21]_peakMeanMeanDist numeric
@attribute audSpec_Rfilt_sma[21]_peakMeanRel numeric
@attribute audSpec_Rfilt_sma[21]_minRangeRel numeric
@attribute audSpec_Rfilt_sma[21]_meanRisingSlope numeric
@attribute audSpec_Rfilt_sma[21]_stddevRisingSlope numeric
@attribute audSpec_Rfilt_sma[21]_meanFallingSlope numeric
@attribute audSpec_Rfilt_sma[21]_stddevFallingSlope numeric
@attribute audSpec_Rfilt_sma[21]_linregc1 numeric
@attribute audSpec_Rfilt_sma[21]_linregc2 numeric
@attribute audSpec_Rfilt_sma[21]_linregerrQ numeric
@attribute audSpec_Rfilt_sma[21]_qregc1 numeric
@attribute audSpec_Rfilt_sma[21]_qregc2 numeric
@attribute audSpec_Rfilt_sma[21]_qregc3 numeric
@attribute audSpec_Rfilt_sma[21]_qregerrQ numeric
@attribute audSpec_Rfilt_sma[21]_centroid numeric
@attribute audSpec_Rfilt_sma[22]_amean numeric
@attribute audSpec_Rfilt_sma[22]_flatness numeric
@attribute audSpec_Rfilt_sma[22]_rqmean numeric
@attribute audSpec_Rfilt_sma[22]_meanPeakDist numeric
@attribute audSpec_Rfilt_sma[22]_peakDistStddev numeric
@attribute audSpec_Rfilt_sma[22]_peakRangeAbs numeric
@attribute audSpec_Rfilt_sma[22]_peakRangeRel numeric
@attribute audSpec_Rfilt_sma[22]_peakMeanAbs numeric
@attribute audSpec_Rfilt_sma[22]_peakMeanMeanDist numeric
@attribute audSpec_Rfilt_sma[22]_peakMeanRel numeric
@attribute audSpec_Rfilt_sma[22]_minRangeRel numeric
@attribute audSpec_Rfilt_sma[22]_meanRisingSlope numeric
@attribute audSpec_Rfilt_sma[22]_stddevRisingSlope numeric
@attribute audSpec_Rfilt_sma[22]_meanFallingSlope numeric
@attribute audSpec_Rfilt_sma[22]_stddevFallingSlope numeric
@attribute audSpec_Rfilt_sma[22]_linregc1 numeric
@attribute audSpec_Rfilt_sma[22]_linregc2 numeric
@attribute audSpec_Rfilt_sma[22]_linregerrQ numeric
@attribute audSpec_Rfilt_sma[22]_qregc1 numeric
@attribute audSpec_Rfilt_sma[22]_qregc2 numeric
@attribute audSpec_Rfilt_sma[22]_qregc3 numeric
@attribute audSpec_Rfilt_sma[22]_qregerrQ numeric
@attribute audSpec_Rfilt_sma[22]_centroid numeric
@attribute audSpec_Rfilt_sma[23]_amean numeric
@attribute audSpec_Rfilt_sma[23]_flatness numeric
@attribute audSpec_Rfilt_sma[23]_rqmean numeric
@attribute audSpec_Rfilt_sma[23]_meanPeakDist numeric
@attribute audSpec_Rfilt_sma[23]_peakDistStddev numeric
@attribute audSpec_Rfilt_sma[23]_peakRangeAbs numeric
@attribute audSpec_Rfilt_sma[23]_peakRangeRel numeric
@attribute audSpec_Rfilt_sma[23]_peakMeanAbs numeric
@attribute audSpec_Rfilt_sma[23]_peakMeanMeanDist numeric
@attribute audSpec_Rfilt_sma[23]_peakMeanRel numeric
@attribute audSpec_Rfilt_sma[23]_minRangeRel numeric
@attribute audSpec_Rfilt_sma[23]_meanRisingSlope numeric
@attribute audSpec_Rfilt_sma[23]_stddevRisingSlope numeric
@attribute audSpec_Rfilt_sma[23]_meanFallingSlope numeric
@attribute audSpec_Rfilt_sma[23]_stddevFallingSlope numeric
@attribute audSpec_Rfilt_sma[23]_linregc1 numeric
@attribute audSpec_Rfilt_sma[23]_linregc2 numeric
@attribute audSpec_Rfilt_sma[23]_linregerrQ numeric
@attribute audSpec_Rfilt_sma[23]_qregc1 numeric
@attribute audSpec_Rfilt_sma[23]_qregc2 numeric
@attribute audSpec_Rfilt_sma[23]_qregc3 numeric
@attribute audSpec_Rfilt_sma[23]_qregerrQ numeric
@attribute audSpec_Rfilt_sma[23]_centroid numeric
@attribute audSpec_Rfilt_sma[24]_amean numeric
@attribute audSpec_Rfilt_sma[24]_flatness numeric
@attribute audSpec_Rfilt_sma[24]_rqmean numeric
@attribute audSpec_Rfilt_sma[24]_meanPeakDist numeric
@attribute audSpec_Rfilt_sma[24]_peakDistStddev numeric
@attribute audSpec_Rfilt_sma[24]_peakRangeAbs numeric
@attribute audSpec_Rfilt_sma[24]_peakRangeRel numeric
@attribute audSpec_Rfilt_sma[24]_peakMeanAbs numeric
@attribute audSpec_Rfilt_sma[24]_peakMeanMeanDist numeric
@attribute audSpec_Rfilt_sma[24]_peakMeanRel numeric
@attribute audSpec_Rfilt_sma[24]_minRangeRel numeric
@attribute audSpec_Rfilt_sma[24]_meanRisingSlope numeric
@attribute audSpec_Rfilt_sma[24]_stddevRisingSlope numeric
@attribute audSpec_Rfilt_sma[24]_meanFallingSlope numeric
@attribute audSpec_Rfilt_sma[24]_stddevFallingSlope numeric
@attribute audSpec_Rfilt_sma[24]_linregc1 numeric
@attribute audSpec_Rfilt_sma[24]_linregc2 numeric
@attribute audSpec_Rfilt_sma[24]_linregerrQ numeric
@attribute audSpec_Rfilt_sma[24]_qregc1 numeric
@attribute audSpec_Rfilt_sma[24]_qregc2 numeric
@attribute audSpec_Rfilt_sma[24]_qregc3 numeric
@attribute audSpec_Rfilt_sma[24]_qregerrQ numeric
@attribute audSpec_Rfilt_sma[24]_centroid numeric
@attribute audSpec_Rfilt_sma[25]_amean numeric
@attribute audSpec_Rfilt_sma[25]_flatness numeric
@attribute audSpec_Rfilt_sma[25]_rqmean numeric
@attribute audSpec_Rfilt_sma[25]_meanPeakDist numeric
@attribute audSpec_Rfilt_sma[25]_peakDistStddev numeric
@attribute audSpec_Rfilt_sma[25]_peakRangeAbs numeric
@attribute audSpec_Rfilt_sma[25]_peakRangeRel numeric
@attribute audSpec_Rfilt_sma[25]_peakMeanAbs numeric
@attribute audSpec_Rfilt_sma[25]_peakMeanMeanDist numeric
@attribute audSpec_Rfilt_sma[25]_peakMeanRel numeric
@attribute audSpec_Rfilt_sma[25]_minRangeRel numeric
@attribute audSpec_Rfilt_sma[25]_meanRisingSlope numeric
@attribute audSpec_Rfilt_sma[25]_stddevRisingSlope numeric
@attribute audSpec_Rfilt_sma[25]_meanFallingSlope numeric
@attribute audSpec_Rfilt_sma[25]_stddevFallingSlope numeric
@attribute audSpec_Rfilt_sma[25]_linregc1 numeric
@attribute audSpec_Rfilt_sma[25]_linregc2 numeric
@attribute audSpec_Rfilt_sma[25]_linregerrQ numeric
@attribute audSpec_Rfilt_sma[25]_qregc1 numeric
@attribute audSpec_Rfilt_sma[25]_qregc2 numeric
@attribute audSpec_Rfilt_sma[25]_qregc3 numeric
@attribute audSpec_Rfilt_sma[25]_qregerrQ numeric
@attribute audSpec_Rfilt_sma[25]_centroid numeric
@attribute pcm_fftMag_fband250-650_sma_amean numeric
@attribute pcm_fftMag_fband250-650_sma_flatness numeric
@attribute pcm_fftMag_fband250-650_sma_rqmean numeric
@attribute pcm_fftMag_fband250-650_sma_meanPeakDist numeric
@attribute pcm_fftMag_fband250-650_sma_peakDistStddev numeric
@attribute pcm_fftMag_fband250-650_sma_peakRangeAbs numeric
@attribute pcm_fftMag_fband250-650_sma_peakRangeRel numeric
@attribute pcm_fftMag_fband250-650_sma_peakMeanAbs numeric
@attribute pcm_fftMag_fband250-650_sma_peakMeanMeanDist numeric
@attribute pcm_fftMag_fband250-650_sma_peakMeanRel numeric
@attribute pcm_fftMag_fband250-650_sma_minRangeRel numeric
@attribute pcm_fftMag_fband250-650_sma_meanRisingSlope numeric
@attribute pcm_fftMag_fband250-650_sma_stddevRisingSlope numeric
@attribute pcm_fftMag_fband250-650_sma_meanFallingSlope numeric
@attribute pcm_fftMag_fband250-650_sma_stddevFallingSlope numeric
@attribute pcm_fftMag_fband250-650_sma_linregc1 numeric
@attribute pcm_fftMag_fband250-650_sma_linregc2 numeric
@attribute pcm_fftMag_fband250-650_sma_linregerrQ numeric
@attribute pcm_fftMag_fband250-650_sma_qregc1 numeric
@attribute pcm_fftMag_fband250-650_sma_qregc2 numeric
@attribute pcm_fftMag_fband250-650_sma_qregc3 numeric
@attribute pcm_fftMag_fband250-650_sma_qregerrQ numeric
@attribute pcm_fftMag_fband250-650_sma_centroid numeric
@attribute pcm_fftMag_fband1000-4000_sma_amean numeric
@attribute pcm_fftMag_fband1000-4000_sma_flatness numeric
@attribute pcm_fftMag_fband1000-4000_sma_rqmean numeric
@attribute pcm_fftMag_fband1000-4000_sma_meanPeakDist numeric
@attribute pcm_fftMag_fband1000-4000_sma_peakDistStddev numeric
@attribute pcm_fftMag_fband1000-4000_sma_peakRangeAbs numeric
@attribute pcm_fftMag_fband1000-4000_sma_peakRangeRel numeric
@attribute pcm_fftMag_fband1000-4000_sma_peakMeanAbs numeric
@attribute pcm_fftMag_fband1000-4000_sma_peakMeanMeanDist numeric
@attribute pcm_fftMag_fband1000-4000_sma_peakMeanRel numeric
@attribute pcm_fftMag_fband1000-4000_sma_minRangeRel numeric
@attribute pcm_fftMag_fband1000-4000_sma_meanRisingSlope numeric
@attribute pcm_fftMag_fband1000-4000_sma_stddevRisingSlope numeric
@attribute pcm_fftMag_fband1000-4000_sma_meanFallingSlope numeric
@attribute pcm_fftMag_fband1000-4000_sma_stddevFallingSlope numeric
@attribute pcm_fftMag_fband1000-4000_sma_linregc1 numeric
@attribute pcm_fftMag_fband1000-4000_sma_linregc2 numeric
@attribute pcm_fftMag_fband1000-4000_sma_linregerrQ numeric
@attribute pcm_fftMag_fband1000-4000_sma_qregc1 numeric
@attribute pcm_fftMag_fband1000-4000_sma_qregc2 numeric
@attribute pcm_fftMag_fband1000-4000_sma_qregc3 numeric
@attribute pcm_fftMag_fband1000-4000_sma_qregerrQ numeric
@attribute pcm_fftMag_fband1000-4000_sma_centroid numeric
@attribute pcm_fftMag_spectralRollOff25.0_sma_amean numeric
@attribute pcm_fftMag_spectralRollOff25.0_sma_flatness numeric
@attribute pcm_fftMag_spectralRollOff25.0_sma_rqmean numeric
@attribute pcm_fftMag_spectralRollOff25.0_sma_meanPeakDist numeric
@attribute pcm_fftMag_spectralRollOff25.0_sma_peakDistStddev numeric
@attribute pcm_fftMag_spectralRollOff25.0_sma_peakRangeAbs numeric
@attribute pcm_fftMag_spectralRollOff25.0_sma_peakRangeRel numeric
@attribute pcm_fftMag_spectralRollOff25.0_sma_peakMeanAbs numeric
@attribute pcm_fftMag_spectralRollOff25.0_sma_peakMeanMeanDist numeric
@attribute pcm_fftMag_spectralRollOff25.0_sma_peakMeanRel numeric
@attribute pcm_fftMag_spectralRollOff25.0_sma_minRangeRel numeric
@attribute pcm_fftMag_spectralRollOff25.0_sma_meanRisingSlope numeric
@attribute pcm_fftMag_spectralRollOff25.0_sma_stddevRisingSlope numeric
@attribute pcm_fftMag_spectralRollOff25.0_sma_meanFallingSlope numeric
@attribute pcm_fftMag_spectralRollOff25.0_sma_stddevFallingSlope numeric
@attribute pcm_fftMag_spectralRollOff25.0_sma_linregc1 numeric
@attribute pcm_fftMag_spectralRollOff25.0_sma_linregc2 numeric
@attribute pcm_fftMag_spectralRollOff25.0_sma_linregerrQ numeric
@attribute pcm_fftMag_spectralRollOff25.0_sma_qregc1 numeric
@attribute pcm_fftMag_spectralRollOff25.0_sma_qregc2 numeric
@attribute pcm_fftMag_spectralRollOff25.0_sma_qregc3 numeric
@attribute pcm_fftMag_spectralRollOff25.0_sma_qregerrQ numeric
@attribute pcm_fftMag_spectralRollOff25.0_sma_centroid numeric
@attribute pcm_fftMag_spectralRollOff50.0_sma_amean numeric
@attribute pcm_fftMag_spectralRollOff50.0_sma_flatness numeric
@attribute pcm_fftMag_spectralRollOff50.0_sma_rqmean numeric
@attribute pcm_fftMag_spectralRollOff50.0_sma_meanPeakDist numeric
@attribute pcm_fftMag_spectralRollOff50.0_sma_peakDistStddev numeric
@attribute pcm_fftMag_spectralRollOff50.0_sma_peakRangeAbs numeric
@attribute pcm_fftMag_spectralRollOff50.0_sma_peakRangeRel numeric
@attribute pcm_fftMag_spectralRollOff50.0_sma_peakMeanAbs numeric
@attribute pcm_fftMag_spectralRollOff50.0_sma_peakMeanMeanDist numeric
@attribute pcm_fftMag_spectralRollOff50.0_sma_peakMeanRel numeric
@attribute pcm_fftMag_spectralRollOff50.0_sma_minRangeRel numeric
@attribute pcm_fftMag_spectralRollOff50.0_sma_meanRisingSlope numeric
@attribute pcm_fftMag_spectralRollOff50.0_sma_stddevRisingSlope numeric
@attribute pcm_fftMag_spectralRollOff50.0_sma_meanFallingSlope numeric
@attribute pcm_fftMag_spectralRollOff50.0_sma_stddevFallingSlope numeric
@attribute pcm_fftMag_spectralRollOff50.0_sma_linregc1 numeric
@attribute pcm_fftMag_spectralRollOff50.0_sma_linregc2 numeric
@attribute pcm_fftMag_spectralRollOff50.0_sma_linregerrQ numeric
@attribute pcm_fftMag_spectralRollOff50.0_sma_qregc1 numeric
@attribute pcm_fftMag_spectralRollOff50.0_sma_qregc2 numeric
@attribute pcm_fftMag_spectralRollOff50.0_sma_qregc3 numeric
@attribute pcm_fftMag_spectralRollOff50.0_sma_qregerrQ numeric
@attribute pcm_fftMag_spectralRollOff50.0_sma_centroid numeric
@attribute pcm_fftMag_spectralRollOff75.0_sma_amean numeric
@attribute pcm_fftMag_spectralRollOff75.0_sma_flatness numeric
@attribute pcm_fftMag_spectralRollOff75.0_sma_rqmean numeric
@attribute pcm_fftMag_spectralRollOff75.0_sma_meanPeakDist numeric
@attribute pcm_fftMag_spectralRollOff75.0_sma_peakDistStddev numeric
@attribute pcm_fftMag_spectralRollOff75.0_sma_peakRangeAbs numeric
@attribute pcm_fftMag_spectralRollOff75.0_sma_peakRangeRel numeric
@attribute pcm_fftMag_spectralRollOff75.0_sma_peakMeanAbs numeric
@attribute pcm_fftMag_spectralRollOff75.0_sma_peakMeanMeanDist numeric
@attribute pcm_fftMag_spectralRollOff75.0_sma_peakMeanRel numeric
@attribute pcm_fftMag_spectralRollOff75.0_sma_minRangeRel numeric
@attribute pcm_fftMag_spectralRollOff75.0_sma_meanRisingSlope numeric
@attribute pcm_fftMag_spectralRollOff75.0_sma_stddevRisingSlope numeric
@attribute pcm_fftMag_spectralRollOff75.0_sma_meanFallingSlope numeric
@attribute pcm_fftMag_spectralRollOff75.0_sma_stddevFallingSlope numeric
@attribute pcm_fftMag_spectralRollOff75.0_sma_linregc1 numeric
@attribute pcm_fftMag_spectralRollOff75.0_sma_linregc2 numeric
@attribute pcm_fftMag_spectralRollOff75.0_sma_linregerrQ numeric
@attribute pcm_fftMag_spectralRollOff75.0_sma_qregc1 numeric
@attribute pcm_fftMag_spectralRollOff75.0_sma_qregc2 numeric
@attribute pcm_fftMag_spectralRollOff75.0_sma_qregc3 numeric
@attribute pcm_fftMag_spectralRollOff75.0_sma_qregerrQ numeric
@attribute pcm_fftMag_spectralRollOff75.0_sma_centroid numeric
@attribute pcm_fftMag_spectralRollOff90.0_sma_amean numeric
@attribute pcm_fftMag_spectralRollOff90.0_sma_flatness numeric
@attribute pcm_fftMag_spectralRollOff90.0_sma_rqmean numeric
@attribute pcm_fftMag_spectralRollOff90.0_sma_meanPeakDist numeric
@attribute pcm_fftMag_spectralRollOff90.0_sma_peakDistStddev numeric
@attribute pcm_fftMag_spectralRollOff90.0_sma_peakRangeAbs numeric
@attribute pcm_fftMag_spectralRollOff90.0_sma_peakRangeRel numeric
@attribute pcm_fftMag_spectralRollOff90.0_sma_peakMeanAbs numeric
@attribute pcm_fftMag_spectralRollOff90.0_sma_peakMeanMeanDist numeric
@attribute pcm_fftMag_spectralRollOff90.0_sma_peakMeanRel numeric
@attribute pcm_fftMag_spectralRollOff90.0_sma_minRangeRel numeric
@attribute pcm_fftMag_spectralRollOff90.0_sma_meanRisingSlope numeric
@attribute pcm_fftMag_spectralRollOff90.0_sma_stddevRisingSlope numeric
@attribute pcm_fftMag_spectralRollOff90.0_sma_meanFallingSlope numeric
@attribute pcm_fftMag_spectralRollOff90.0_sma_stddevFallingSlope numeric
@attribute pcm_fftMag_spectralRollOff90.0_sma_linregc1 numeric
@attribute pcm_fftMag_spectralRollOff90.0_sma_linregc2 numeric
@attribute pcm_fftMag_spectralRollOff90.0_sma_linregerrQ numeric
@attribute pcm_fftMag_spectralRollOff90.0_sma_qregc1 numeric
@attribute pcm_fftMag_spectralRollOff90.0_sma_qregc2 numeric
@attribute pcm_fftMag_spectralRollOff90.0_sma_qregc3 numeric
@attribute pcm_fftMag_spectralRollOff90.0_sma_qregerrQ numeric
@attribute pcm_fftMag_spectralRollOff90.0_sma_centroid numeric
@attribute pcm_fftMag_spectralFlux_sma_amean numeric
@attribute pcm_fftMag_spectralFlux_sma_flatness numeric
@attribute pcm_fftMag_spectralFlux_sma_rqmean numeric
@attribute pcm_fftMag_spectralFlux_sma_meanPeakDist numeric
@attribute pcm_fftMag_spectralFlux_sma_peakDistStddev numeric
@attribute pcm_fftMag_spectralFlux_sma_peakRangeAbs numeric
@attribute pcm_fftMag_spectralFlux_sma_peakRangeRel numeric
@attribute pcm_fftMag_spectralFlux_sma_peakMeanAbs numeric
@attribute pcm_fftMag_spectralFlux_sma_peakMeanMeanDist numeric
@attribute pcm_fftMag_spectralFlux_sma_peakMeanRel numeric
@attribute pcm_fftMag_spectralFlux_sma_minRangeRel numeric
@attribute pcm_fftMag_spectralFlux_sma_meanRisingSlope numeric
@attribute pcm_fftMag_spectralFlux_sma_stddevRisingSlope numeric
@attribute pcm_fftMag_spectralFlux_sma_meanFallingSlope numeric
@attribute pcm_fftMag_spectralFlux_sma_stddevFallingSlope numeric
@attribute pcm_fftMag_spectralFlux_sma_linregc1 numeric
@attribute pcm_fftMag_spectralFlux_sma_linregc2 numeric
@attribute pcm_fftMag_spectralFlux_sma_linregerrQ numeric
@attribute pcm_fftMag_spectralFlux_sma_qregc1 numeric
@attribute pcm_fftMag_spectralFlux_sma_qregc2 numeric
@attribute pcm_fftMag_spectralFlux_sma_qregc3 numeric
@attribute pcm_fftMag_spectralFlux_sma_qregerrQ numeric
@attribute pcm_fftMag_spectralFlux_sma_centroid numeric
@attribute pcm_fftMag_spectralCentroid_sma_amean numeric
@attribute pcm_fftMag_spectralCentroid_sma_flatness numeric
@attribute pcm_fftMag_spectralCentroid_sma_rqmean numeric
@attribute pcm_fftMag_spectralCentroid_sma_meanPeakDist numeric
@attribute pcm_fftMag_spectralCentroid_sma_peakDistStddev numeric
@attribute pcm_fftMag_spectralCentroid_sma_peakRangeAbs numeric
@attribute pcm_fftMag_spectralCentroid_sma_peakRangeRel numeric
@attribute pcm_fftMag_spectralCentroid_sma_peakMeanAbs numeric
@attribute pcm_fftMag_spectralCentroid_sma_peakMeanMeanDist numeric
@attribute pcm_fftMag_spectralCentroid_sma_peakMeanRel numeric
@attribute pcm_fftMag_spectralCentroid_sma_minRangeRel numeric
@attribute pcm_fftMag_spectralCentroid_sma_meanRisingSlope numeric
@attribute pcm_fftMag_spectralCentroid_sma_stddevRisingSlope numeric
@attribute pcm_fftMag_spectralCentroid_sma_meanFallingSlope numeric
@attribute pcm_fftMag_spectralCentroid_sma_stddevFallingSlope numeric
@attribute pcm_fftMag_spectralCentroid_sma_linregc1 numeric
@attribute pcm_fftMag_spectralCentroid_sma_linregc2 numeric
@attribute pcm_fftMag_spectralCentroid_sma_linregerrQ numeric
@attribute pcm_fftMag_spectralCentroid_sma_qregc1 numeric
@attribute pcm_fftMag_spectralCentroid_sma_qregc2 numeric
@attribute pcm_fftMag_spectralCentroid_sma_qregc3 numeric
@attribute pcm_fftMag_spectralCentroid_sma_qregerrQ numeric
@attribute pcm_fftMag_spectralCentroid_sma_centroid numeric
@attribute pcm_fftMag_spectralEntropy_sma_amean numeric
@attribute pcm_fftMag_spectralEntropy_sma_flatness numeric
@attribute pcm_fftMag_spectralEntropy_sma_rqmean numeric
@attribute pcm_fftMag_spectralEntropy_sma_meanPeakDist numeric
@attribute pcm_fftMag_spectralEntropy_sma_peakDistStddev numeric
@attribute pcm_fftMag_spectralEntropy_sma_peakRangeAbs numeric
@attribute pcm_fftMag_spectralEntropy_sma_peakRangeRel numeric
@attribute pcm_fftMag_spectralEntropy_sma_peakMeanAbs numeric
@attribute pcm_fftMag_spectralEntropy_sma_peakMeanMeanDist numeric
@attribute pcm_fftMag_spectralEntropy_sma_peakMeanRel numeric
@attribute pcm_fftMag_spectralEntropy_sma_minRangeRel numeric
@attribute pcm_fftMag_spectralEntropy_sma_meanRisingSlope numeric
@attribute pcm_fftMag_spectralEntropy_sma_stddevRisingSlope numeric
@attribute pcm_fftMag_spectralEntropy_sma_meanFallingSlope numeric
@attribute pcm_fftMag_spectralEntropy_sma_stddevFallingSlope numeric
@attribute pcm_fftMag_spectralEntropy_sma_linregc1 numeric
@attribute pcm_fftMag_spectralEntropy_sma_linregc2 numeric
@attribute pcm_fftMag_spectralEntropy_sma_linregerrQ numeric
@attribute pcm_fftMag_spectralEntropy_sma_qregc1 numeric
@attribute pcm_fftMag_spectralEntropy_sma_qregc2 numeric
@attribute pcm_fftMag_spectralEntropy_sma_qregc3 numeric
@attribute pcm_fftMag_spectralEntropy_sma_qregerrQ numeric
@attribute pcm_fftMag_spectralEntropy_sma_centroid numeric
@attribute pcm_fftMag_spectralVariance_sma_amean numeric
@attribute pcm_fftMag_spectralVariance_sma_flatness numeric
@attribute pcm_fftMag_spectralVariance_sma_rqmean numeric
@attribute pcm_fftMag_spectralVariance_sma_meanPeakDist numeric
@attribute pcm_fftMag_spectralVariance_sma_peakDistStddev numeric
@attribute pcm_fftMag_spectralVariance_sma_peakRangeAbs numeric
@attribute pcm_fftMag_spectralVariance_sma_peakRangeRel numeric
@attribute pcm_fftMag_spectralVariance_sma_peakMeanAbs numeric
@attribute pcm_fftMag_spectralVariance_sma_peakMeanMeanDist numeric
@attribute pcm_fftMag_spectralVariance_sma_peakMeanRel numeric
@attribute pcm_fftMag_spectralVariance_sma_minRangeRel numeric
@attribute pcm_fftMag_spectralVariance_sma_meanRisingSlope numeric
@attribute pcm_fftMag_spectralVariance_sma_stddevRisingSlope numeric
@attribute pcm_fftMag_spectralVariance_sma_meanFallingSlope numeric
@attribute pcm_fftMag_spectralVariance_sma_stddevFallingSlope numeric
@attribute pcm_fftMag_spectralVariance_sma_linregc1 numeric
@attribute pcm_fftMag_spectralVariance_sma_linregc2 numeric
@attribute pcm_fftMag_spectralVariance_sma_linregerrQ numeric
@attribute pcm_fftMag_spectralVariance_sma_qregc1 numeric
@attribute pcm_fftMag_spectralVariance_sma_qregc2 numeric
@attribute pcm_fftMag_spectralVariance_sma_qregc3 numeric
@attribute pcm_fftMag_spectralVariance_sma_qregerrQ numeric
@attribute pcm_fftMag_spectralVariance_sma_centroid numeric
@attribute pcm_fftMag_spectralSkewness_sma_amean numeric
@attribute pcm_fftMag_spectralSkewness_sma_flatness numeric
@attribute pcm_fftMag_spectralSkewness_sma_rqmean numeric
@attribute pcm_fftMag_spectralSkewness_sma_meanPeakDist numeric
@attribute pcm_fftMag_spectralSkewness_sma_peakDistStddev numeric
@attribute pcm_fftMag_spectralSkewness_sma_peakRangeAbs numeric
@attribute pcm_fftMag_spectralSkewness_sma_peakRangeRel numeric
@attribute pcm_fftMag_spectralSkewness_sma_peakMeanAbs numeric
@attribute pcm_fftMag_spectralSkewness_sma_peakMeanMeanDist numeric
@attribute pcm_fftMag_spectralSkewness_sma_peakMeanRel numeric
@attribute pcm_fftMag_spectralSkewness_sma_minRangeRel numeric
@attribute pcm_fftMag_spectralSkewness_sma_meanRisingSlope numeric
@attribute pcm_fftMag_spectralSkewness_sma_stddevRisingSlope numeric
@attribute pcm_fftMag_spectralSkewness_sma_meanFallingSlope numeric
@attribute pcm_fftMag_spectralSkewness_sma_stddevFallingSlope numeric
@attribute pcm_fftMag_spectralSkewness_sma_linregc1 numeric
@attribute pcm_fftMag_spectralSkewness_sma_linregc2 numeric
@attribute pcm_fftMag_spectralSkewness_sma_linregerrQ numeric
@attribute pcm_fftMag_spectralSkewness_sma_qregc1 numeric
@attribute pcm_fftMag_spectralSkewness_sma_qregc2 numeric
@attribute pcm_fftMag_spectralSkewness_sma_qregc3 numeric
@attribute pcm_fftMag_spectralSkewness_sma_qregerrQ numeric
@attribute pcm_fftMag_spectralSkewness_sma_centroid numeric
@attribute pcm_fftMag_spectralKurtosis_sma_amean numeric
@attribute pcm_fftMag_spectralKurtosis_sma_flatness numeric
@attribute pcm_fftMag_spectralKurtosis_sma_rqmean numeric
@attribute pcm_fftMag_spectralKurtosis_sma_meanPeakDist numeric
@attribute pcm_fftMag_spectralKurtosis_sma_peakDistStddev numeric
@attribute pcm_fftMag_spectralKurtosis_sma_peakRangeAbs numeric
@attribute pcm_fftMag_spectralKurtosis_sma_peakRangeRel numeric
@attribute pcm_fftMag_spectralKurtosis_sma_peakMeanAbs numeric
@attribute pcm_fftMag_spectralKurtosis_sma_peakMeanMeanDist numeric
@attribute pcm_fftMag_spectralKurtosis_sma_peakMeanRel numeric
@attribute pcm_fftMag_spectralKurtosis_sma_minRangeRel numeric
@attribute pcm_fftMag_spectralKurtosis_sma_meanRisingSlope numeric
@attribute pcm_fftMag_spectralKurtosis_sma_stddevRisingSlope numeric
@attribute pcm_fftMag_spectralKurtosis_sma_meanFallingSlope numeric
@attribute pcm_fftMag_spectralKurtosis_sma_stddevFallingSlope numeric
@attribute pcm_fftMag_spectralKurtosis_sma_linregc1 numeric
@attribute pcm_fftMag_spectralKurtosis_sma_linregc2 numeric
@attribute pcm_fftMag_spectralKurtosis_sma_linregerrQ numeric
@attribute pcm_fftMag_spectralKurtosis_sma_qregc1 numeric
@attribute pcm_fftMag_spectralKurtosis_sma_qregc2 numeric
@attribute pcm_fftMag_spectralKurtosis_sma_qregc3 numeric
@attribute pcm_fftMag_spectralKurtosis_sma_qregerrQ numeric
@attribute pcm_fftMag_spectralKurtosis_sma_centroid numeric
@attribute pcm_fftMag_spectralSlope_sma_amean numeric
@attribute pcm_fftMag_spectralSlope_sma_flatness numeric
@attribute pcm_fftMag_spectralSlope_sma_rqmean numeric
@attribute pcm_fftMag_spectralSlope_sma_meanPeakDist numeric
@attribute pcm_fftMag_spectralSlope_sma_peakDistStddev numeric
@attribute pcm_fftMag_spectralSlope_sma_peakRangeAbs numeric
@attribute pcm_fftMag_spectralSlope_sma_peakRangeRel numeric
@attribute pcm_fftMag_spectralSlope_sma_peakMeanAbs numeric
@attribute pcm_fftMag_spectralSlope_sma_peakMeanMeanDist numeric
@attribute pcm_fftMag_spectralSlope_sma_peakMeanRel numeric
@attribute pcm_fftMag_spectralSlope_sma_minRangeRel numeric
@attribute pcm_fftMag_spectralSlope_sma_meanRisingSlope numeric
@attribute pcm_fftMag_spectralSlope_sma_stddevRisingSlope numeric
@attribute pcm_fftMag_spectralSlope_sma_meanFallingSlope numeric
@attribute pcm_fftMag_spectralSlope_sma_stddevFallingSlope numeric
@attribute pcm_fftMag_spectralSlope_sma_linregc1 numeric
@attribute pcm_fftMag_spectralSlope_sma_linregc2 numeric
@attribute pcm_fftMag_spectralSlope_sma_linregerrQ numeric
@attribute pcm_fftMag_spectralSlope_sma_qregc1 numeric
@attribute pcm_fftMag_spectralSlope_sma_qregc2 numeric
@attribute pcm_fftMag_spectralSlope_sma_qregc3 numeric
@attribute pcm_fftMag_spectralSlope_sma_qregerrQ numeric
@attribute pcm_fftMag_spectralSlope_sma_centroid numeric
@attribute pcm_fftMag_psySharpness_sma_amean numeric
@attribute pcm_fftMag_psySharpness_sma_flatness numeric
@attribute pcm_fftMag_psySharpness_sma_rqmean numeric
@attribute pcm_fftMag_psySharpness_sma_meanPeakDist numeric
@attribute pcm_fftMag_psySharpness_sma_peakDistStddev numeric
@attribute pcm_fftMag_psySharpness_sma_peakRangeAbs numeric
@attribute pcm_fftMag_psySharpness_sma_peakRangeRel numeric
@attribute pcm_fftMag_psySharpness_sma_peakMeanAbs numeric
@attribute pcm_fftMag_psySharpness_sma_peakMeanMeanDist numeric
@attribute pcm_fftMag_psySharpness_sma_peakMeanRel numeric
@attribute pcm_fftMag_psySharpness_sma_minRangeRel numeric
@attribute pcm_fftMag_psySharpness_sma_meanRisingSlope numeric
@attribute pcm_fftMag_psySharpness_sma_stddevRisingSlope numeric
@attribute pcm_fftMag_psySharpness_sma_meanFallingSlope numeric
@attribute pcm_fftMag_psySharpness_sma_stddevFallingSlope numeric
@attribute pcm_fftMag_psySharpness_sma_linregc1 numeric
@attribute pcm_fftMag_psySharpness_sma_linregc2 numeric
@attribute pcm_fftMag_psySharpness_sma_linregerrQ numeric
@attribute pcm_fftMag_psySharpness_sma_qregc1 numeric
@attribute pcm_fftMag_psySharpness_sma_qregc2 numeric
@attribute pcm_fftMag_psySharpness_sma_qregc3 numeric
@attribute pcm_fftMag_psySharpness_sma_qregerrQ numeric
@attribute pcm_fftMag_psySharpness_sma_centroid numeric
@attribute pcm_fftMag_spectralHarmonicity_sma_amean numeric
@attribute pcm_fftMag_spectralHarmonicity_sma_flatness numeric
@attribute pcm_fftMag_spectralHarmonicity_sma_rqmean numeric
@attribute pcm_fftMag_spectralHarmonicity_sma_meanPeakDist numeric
@attribute pcm_fftMag_spectralHarmonicity_sma_peakDistStddev numeric
@attribute pcm_fftMag_spectralHarmonicity_sma_peakRangeAbs numeric
@attribute pcm_fftMag_spectralHarmonicity_sma_peakRangeRel numeric
@attribute pcm_fftMag_spectralHarmonicity_sma_peakMeanAbs numeric
@attribute pcm_fftMag_spectralHarmonicity_sma_peakMeanMeanDist numeric
@attribute pcm_fftMag_spectralHarmonicity_sma_peakMeanRel numeric
@attribute pcm_fftMag_spectralHarmonicity_sma_minRangeRel numeric
@attribute pcm_fftMag_spectralHarmonicity_sma_meanRisingSlope numeric
@attribute pcm_fftMag_spectralHarmonicity_sma_stddevRisingSlope numeric
@attribute pcm_fftMag_spectralHarmonicity_sma_meanFallingSlope numeric
@attribute pcm_fftMag_spectralHarmonicity_sma_stddevFallingSlope numeric
@attribute pcm_fftMag_spectralHarmonicity_sma_linregc1 numeric
@attribute pcm_fftMag_spectralHarmonicity_sma_linregc2 numeric
@attribute pcm_fftMag_spectralHarmonicity_sma_linregerrQ numeric
@attribute pcm_fftMag_spectralHarmonicity_sma_qregc1 numeric
@attribute pcm_fftMag_spectralHarmonicity_sma_qregc2 numeric
@attribute pcm_fftMag_spectralHarmonicity_sma_qregc3 numeric
@attribute pcm_fftMag_spectralHarmonicity_sma_qregerrQ numeric
@attribute pcm_fftMag_spectralHarmonicity_sma_centroid numeric
@attribute mfcc_sma[1]_amean numeric
@attribute mfcc_sma[1]_flatness numeric
@attribute mfcc_sma[1]_rqmean numeric
@attribute mfcc_sma[1]_meanPeakDist numeric
@attribute mfcc_sma[1]_peakDistStddev numeric
@attribute mfcc_sma[1]_peakRangeAbs numeric
@attribute mfcc_sma[1]_peakRangeRel numeric
@attribute mfcc_sma[1]_peakMeanAbs numeric
@attribute mfcc_sma[1]_peakMeanMeanDist numeric
@attribute mfcc_sma[1]_peakMeanRel numeric
@attribute mfcc_sma[1]_minRangeRel numeric
@attribute mfcc_sma[1]_meanRisingSlope numeric
@attribute mfcc_sma[1]_stddevRisingSlope numeric
@attribute mfcc_sma[1]_meanFallingSlope numeric
@attribute mfcc_sma[1]_stddevFallingSlope numeric
@attribute mfcc_sma[1]_linregc1 numeric
@attribute mfcc_sma[1]_linregc2 numeric
@attribute mfcc_sma[1]_linregerrQ numeric
@attribute mfcc_sma[1]_qregc1 numeric
@attribute mfcc_sma[1]_qregc2 numeric
@attribute mfcc_sma[1]_qregc3 numeric
@attribute mfcc_sma[1]_qregerrQ numeric
@attribute mfcc_sma[1]_centroid numeric
@attribute mfcc_sma[2]_amean numeric
@attribute mfcc_sma[2]_flatness numeric
@attribute mfcc_sma[2]_rqmean numeric
@attribute mfcc_sma[2]_meanPeakDist numeric
@attribute mfcc_sma[2]_peakDistStddev numeric
@attribute mfcc_sma[2]_peakRangeAbs numeric
@attribute mfcc_sma[2]_peakRangeRel numeric
@attribute mfcc_sma[2]_peakMeanAbs numeric
@attribute mfcc_sma[2]_peakMeanMeanDist numeric
@attribute mfcc_sma[2]_peakMeanRel numeric
@attribute mfcc_sma[2]_minRangeRel numeric
@attribute mfcc_sma[2]_meanRisingSlope numeric
@attribute mfcc_sma[2]_stddevRisingSlope numeric
@attribute mfcc_sma[2]_meanFallingSlope numeric
@attribute mfcc_sma[2]_stddevFallingSlope numeric
@attribute mfcc_sma[2]_linregc1 numeric
@attribute mfcc_sma[2]_linregc2 numeric
@attribute mfcc_sma[2]_linregerrQ numeric
@attribute mfcc_sma[2]_qregc1 numeric
@attribute mfcc_sma[2]_qregc2 numeric
@attribute mfcc_sma[2]_qregc3 numeric
@attribute mfcc_sma[2]_qregerrQ numeric
@attribute mfcc_sma[2]_centroid numeric
@attribute mfcc_sma[3]_amean numeric
@attribute mfcc_sma[3]_flatness numeric
@attribute mfcc_sma[3]_rqmean numeric
@attribute mfcc_sma[3]_meanPeakDist numeric
@attribute mfcc_sma[3]_peakDistStddev numeric
@attribute mfcc_sma[3]_peakRangeAbs numeric
@attribute mfcc_sma[3]_peakRangeRel numeric
@attribute mfcc_sma[3]_peakMeanAbs numeric
@attribute mfcc_sma[3]_peakMeanMeanDist numeric
@attribute mfcc_sma[3]_peakMeanRel numeric
@attribute mfcc_sma[3]_minRangeRel numeric
@attribute mfcc_sma[3]_meanRisingSlope numeric
@attribute mfcc_sma[3]_stddevRisingSlope numeric
@attribute mfcc_sma[3]_meanFallingSlope numeric
@attribute mfcc_sma[3]_stddevFallingSlope numeric
@attribute mfcc_sma[3]_linregc1 numeric
@attribute mfcc_sma[3]_linregc2 numeric
@attribute mfcc_sma[3]_linregerrQ numeric
@attribute mfcc_sma[3]_qregc1 numeric
@attribute mfcc_sma[3]_qregc2 numeric
@attribute mfcc_sma[3]_qregc3 numeric
@attribute mfcc_sma[3]_qregerrQ numeric
@attribute mfcc_sma[3]_centroid numeric
@attribute mfcc_sma[4]_amean numeric
@attribute mfcc_sma[4]_flatness numeric
@attribute mfcc_sma[4]_rqmean numeric
@attribute mfcc_sma[4]_meanPeakDist numeric
@attribute mfcc_sma[4]_peakDistStddev numeric
@attribute mfcc_sma[4]_peakRangeAbs numeric
@attribute mfcc_sma[4]_peakRangeRel numeric
@attribute mfcc_sma[4]_peakMeanAbs numeric
@attribute mfcc_sma[4]_peakMeanMeanDist numeric
@attribute mfcc_sma[4]_peakMeanRel numeric
@attribute mfcc_sma[4]_minRangeRel numeric
@attribute mfcc_sma[4]_meanRisingSlope numeric
@attribute mfcc_sma[4]_stddevRisingSlope numeric
@attribute mfcc_sma[4]_meanFallingSlope numeric
@attribute mfcc_sma[4]_stddevFallingSlope numeric
@attribute mfcc_sma[4]_linregc1 numeric
@attribute mfcc_sma[4]_linregc2 numeric
@attribute mfcc_sma[4]_linregerrQ numeric
@attribute mfcc_sma[4]_qregc1 numeric
@attribute mfcc_sma[4]_qregc2 numeric
@attribute mfcc_sma[4]_qregc3 numeric
@attribute mfcc_sma[4]_qregerrQ numeric
@attribute mfcc_sma[4]_centroid numeric
@attribute mfcc_sma[5]_amean numeric
@attribute mfcc_sma[5]_flatness numeric
@attribute mfcc_sma[5]_rqmean numeric
@attribute mfcc_sma[5]_meanPeakDist numeric
@attribute mfcc_sma[5]_peakDistStddev numeric
@attribute mfcc_sma[5]_peakRangeAbs numeric
@attribute mfcc_sma[5]_peakRangeRel numeric
@attribute mfcc_sma[5]_peakMeanAbs numeric
@attribute mfcc_sma[5]_peakMeanMeanDist numeric
@attribute mfcc_sma[5]_peakMeanRel numeric
@attribute mfcc_sma[5]_minRangeRel numeric
@attribute mfcc_sma[5]_meanRisingSlope numeric
@attribute mfcc_sma[5]_stddevRisingSlope numeric
@attribute mfcc_sma[5]_meanFallingSlope numeric
@attribute mfcc_sma[5]_stddevFallingSlope numeric
@attribute mfcc_sma[5]_linregc1 numeric
@attribute mfcc_sma[5]_linregc2 numeric
@attribute mfcc_sma[5]_linregerrQ numeric
@attribute mfcc_sma[5]_qregc1 numeric
@attribute mfcc_sma[5]_qregc2 numeric
@attribute mfcc_sma[5]_qregc3 numeric
@attribute mfcc_sma[5]_qregerrQ numeric
@attribute mfcc_sma[5]_centroid numeric
@attribute mfcc_sma[6]_amean numeric
@attribute mfcc_sma[6]_flatness numeric
@attribute mfcc_sma[6]_rqmean numeric
@attribute mfcc_sma[6]_meanPeakDist numeric
@attribute mfcc_sma[6]_peakDistStddev numeric
@attribute mfcc_sma[6]_peakRangeAbs numeric
@attribute mfcc_sma[6]_peakRangeRel numeric
@attribute mfcc_sma[6]_peakMeanAbs numeric
@attribute mfcc_sma[6]_peakMeanMeanDist numeric
@attribute mfcc_sma[6]_peakMeanRel numeric
@attribute mfcc_sma[6]_minRangeRel numeric
@attribute mfcc_sma[6]_meanRisingSlope numeric
@attribute mfcc_sma[6]_stddevRisingSlope numeric
@attribute mfcc_sma[6]_meanFallingSlope numeric
@attribute mfcc_sma[6]_stddevFallingSlope numeric
@attribute mfcc_sma[6]_linregc1 numeric
@attribute mfcc_sma[6]_linregc2 numeric
@attribute mfcc_sma[6]_linregerrQ numeric
@attribute mfcc_sma[6]_qregc1 numeric
@attribute mfcc_sma[6]_qregc2 numeric
@attribute mfcc_sma[6]_qregc3 numeric
@attribute mfcc_sma[6]_qregerrQ numeric
@attribute mfcc_sma[6]_centroid numeric
@attribute mfcc_sma[7]_amean numeric
@attribute mfcc_sma[7]_flatness numeric
@attribute mfcc_sma[7]_rqmean numeric
@attribute mfcc_sma[7]_meanPeakDist numeric
@attribute mfcc_sma[7]_peakDistStddev numeric
@attribute mfcc_sma[7]_peakRangeAbs numeric
@attribute mfcc_sma[7]_peakRangeRel numeric
@attribute mfcc_sma[7]_peakMeanAbs numeric
@attribute mfcc_sma[7]_peakMeanMeanDist numeric
@attribute mfcc_sma[7]_peakMeanRel numeric
@attribute mfcc_sma[7]_minRangeRel numeric
@attribute mfcc_sma[7]_meanRisingSlope numeric
@attribute mfcc_sma[7]_stddevRisingSlope numeric
@attribute mfcc_sma[7]_meanFallingSlope numeric
@attribute mfcc_sma[7]_stddevFallingSlope numeric
@attribute mfcc_sma[7]_linregc1 numeric
@attribute mfcc_sma[7]_linregc2 numeric
@attribute mfcc_sma[7]_linregerrQ numeric
@attribute mfcc_sma[7]_qregc1 numeric
@attribute mfcc_sma[7]_qregc2 numeric
@attribute mfcc_sma[7]_qregc3 numeric
@attribute mfcc_sma[7]_qregerrQ numeric
@attribute mfcc_sma[7]_centroid numeric
@attribute mfcc_sma[8]_amean numeric
@attribute mfcc_sma[8]_flatness numeric
@attribute mfcc_sma[8]_rqmean numeric
@attribute mfcc_sma[8]_meanPeakDist numeric
@attribute mfcc_sma[8]_peakDistStddev numeric
@attribute mfcc_sma[8]_peakRangeAbs numeric
@attribute mfcc_sma[8]_peakRangeRel numeric
@attribute mfcc_sma[8]_peakMeanAbs numeric
@attribute mfcc_sma[8]_peakMeanMeanDist numeric
@attribute mfcc_sma[8]_peakMeanRel numeric
@attribute mfcc_sma[8]_minRangeRel numeric
@attribute mfcc_sma[8]_meanRisingSlope numeric
@attribute mfcc_sma[8]_stddevRisingSlope numeric
@attribute mfcc_sma[8]_meanFallingSlope numeric
@attribute mfcc_sma[8]_stddevFallingSlope numeric
@attribute mfcc_sma[8]_linregc1 numeric
@attribute mfcc_sma[8]_linregc2 numeric
@attribute mfcc_sma[8]_linregerrQ numeric
@attribute mfcc_sma[8]_qregc1 numeric
@attribute mfcc_sma[8]_qregc2 numeric
@attribute mfcc_sma[8]_qregc3 numeric
@attribute mfcc_sma[8]_qregerrQ numeric
@attribute mfcc_sma[8]_centroid numeric
@attribute mfcc_sma[9]_amean numeric
@attribute mfcc_sma[9]_flatness numeric
@attribute mfcc_sma[9]_rqmean numeric
@attribute mfcc_sma[9]_meanPeakDist numeric
@attribute mfcc_sma[9]_peakDistStddev numeric
@attribute mfcc_sma[9]_peakRangeAbs numeric
@attribute mfcc_sma[9]_peakRangeRel numeric
@attribute mfcc_sma[9]_peakMeanAbs numeric
@attribute mfcc_sma[9]_peakMeanMeanDist numeric
@attribute mfcc_sma[9]_peakMeanRel numeric
@attribute mfcc_sma[9]_minRangeRel numeric
@attribute mfcc_sma[9]_meanRisingSlope numeric
@attribute mfcc_sma[9]_stddevRisingSlope numeric
@attribute mfcc_sma[9]_meanFallingSlope numeric
@attribute mfcc_sma[9]_stddevFallingSlope numeric
@attribute mfcc_sma[9]_linregc1 numeric
@attribute mfcc_sma[9]_linregc2 numeric
@attribute mfcc_sma[9]_linregerrQ numeric
@attribute mfcc_sma[9]_qregc1 numeric
@attribute mfcc_sma[9]_qregc2 numeric
@attribute mfcc_sma[9]_qregc3 numeric
@attribute mfcc_sma[9]_qregerrQ numeric
@attribute mfcc_sma[9]_centroid numeric
@attribute mfcc_sma[10]_amean numeric
@attribute mfcc_sma[10]_flatness numeric
@attribute mfcc_sma[10]_rqmean numeric
@attribute mfcc_sma[10]_meanPeakDist numeric
@attribute mfcc_sma[10]_peakDistStddev numeric
@attribute mfcc_sma[10]_peakRangeAbs numeric
@attribute mfcc_sma[10]_peakRangeRel numeric
@attribute mfcc_sma[10]_peakMeanAbs numeric
@attribute mfcc_sma[10]_peakMeanMeanDist numeric
@attribute mfcc_sma[10]_peakMeanRel numeric
@attribute mfcc_sma[10]_minRangeRel numeric
@attribute mfcc_sma[10]_meanRisingSlope numeric
@attribute mfcc_sma[10]_stddevRisingSlope numeric
@attribute mfcc_sma[10]_meanFallingSlope numeric
@attribute mfcc_sma[10]_stddevFallingSlope numeric
@attribute mfcc_sma[10]_linregc1 numeric
@attribute mfcc_sma[10]_linregc2 numeric
@attribute mfcc_sma[10]_linregerrQ numeric
@attribute mfcc_sma[10]_qregc1 numeric
@attribute mfcc_sma[10]_qregc2 numeric
@attribute mfcc_sma[10]_qregc3 numeric
@attribute mfcc_sma[10]_qregerrQ numeric
@attribute mfcc_sma[10]_centroid numeric
@attribute mfcc_sma[11]_amean numeric
@attribute mfcc_sma[11]_flatness numeric
@attribute mfcc_sma[11]_rqmean numeric
@attribute mfcc_sma[11]_meanPeakDist numeric
@attribute mfcc_sma[11]_peakDistStddev numeric
@attribute mfcc_sma[11]_peakRangeAbs numeric
@attribute mfcc_sma[11]_peakRangeRel numeric
@attribute mfcc_sma[11]_peakMeanAbs numeric
@attribute mfcc_sma[11]_peakMeanMeanDist numeric
@attribute mfcc_sma[11]_peakMeanRel numeric
@attribute mfcc_sma[11]_minRangeRel numeric
@attribute mfcc_sma[11]_meanRisingSlope numeric
@attribute mfcc_sma[11]_stddevRisingSlope numeric
@attribute mfcc_sma[11]_meanFallingSlope numeric
@attribute mfcc_sma[11]_stddevFallingSlope numeric
@attribute mfcc_sma[11]_linregc1 numeric
@attribute mfcc_sma[11]_linregc2 numeric
@attribute mfcc_sma[11]_linregerrQ numeric
@attribute mfcc_sma[11]_qregc1 numeric
@attribute mfcc_sma[11]_qregc2 numeric
@attribute mfcc_sma[11]_qregc3 numeric
@attribute mfcc_sma[11]_qregerrQ numeric
@attribute mfcc_sma[11]_centroid numeric
@attribute mfcc_sma[12]_amean numeric
@attribute mfcc_sma[12]_flatness numeric
@attribute mfcc_sma[12]_rqmean numeric
@attribute mfcc_sma[12]_meanPeakDist numeric
@attribute mfcc_sma[12]_peakDistStddev numeric
@attribute mfcc_sma[12]_peakRangeAbs numeric
@attribute mfcc_sma[12]_peakRangeRel numeric
@attribute mfcc_sma[12]_peakMeanAbs numeric
@attribute mfcc_sma[12]_peakMeanMeanDist numeric
@attribute mfcc_sma[12]_peakMeanRel numeric
@attribute mfcc_sma[12]_minRangeRel numeric
@attribute mfcc_sma[12]_meanRisingSlope numeric
@attribute mfcc_sma[12]_stddevRisingSlope numeric
@attribute mfcc_sma[12]_meanFallingSlope numeric
@attribute mfcc_sma[12]_stddevFallingSlope numeric
@attribute mfcc_sma[12]_linregc1 numeric
@attribute mfcc_sma[12]_linregc2 numeric
@attribute mfcc_sma[12]_linregerrQ numeric
@attribute mfcc_sma[12]_qregc1 numeric
@attribute mfcc_sma[12]_qregc2 numeric
@attribute mfcc_sma[12]_qregc3 numeric
@attribute mfcc_sma[12]_qregerrQ numeric
@attribute mfcc_sma[12]_centroid numeric
@attribute mfcc_sma[13]_amean numeric
@attribute mfcc_sma[13]_flatness numeric
@attribute mfcc_sma[13]_rqmean numeric
@attribute mfcc_sma[13]_meanPeakDist numeric
@attribute mfcc_sma[13]_peakDistStddev numeric
@attribute mfcc_sma[13]_peakRangeAbs numeric
@attribute mfcc_sma[13]_peakRangeRel numeric
@attribute mfcc_sma[13]_peakMeanAbs numeric
@attribute mfcc_sma[13]_peakMeanMeanDist numeric
@attribute mfcc_sma[13]_peakMeanRel numeric
@attribute mfcc_sma[13]_minRangeRel numeric
@attribute mfcc_sma[13]_meanRisingSlope numeric
@attribute mfcc_sma[13]_stddevRisingSlope numeric
@attribute mfcc_sma[13]_meanFallingSlope numeric
@attribute mfcc_sma[13]_stddevFallingSlope numeric
@attribute mfcc_sma[13]_linregc1 numeric
@attribute mfcc_sma[13]_linregc2 numeric
@attribute mfcc_sma[13]_linregerrQ numeric
@attribute mfcc_sma[13]_qregc1 numeric
@attribute mfcc_sma[13]_qregc2 numeric
@attribute mfcc_sma[13]_qregc3 numeric
@attribute mfcc_sma[13]_qregerrQ numeric
@attribute mfcc_sma[13]_centroid numeric
@attribute mfcc_sma[14]_amean numeric
@attribute mfcc_sma[14]_flatness numeric
@attribute mfcc_sma[14]_rqmean numeric
@attribute mfcc_sma[14]_meanPeakDist numeric
@attribute mfcc_sma[14]_peakDistStddev numeric
@attribute mfcc_sma[14]_peakRangeAbs numeric
@attribute mfcc_sma[14]_peakRangeRel numeric
@attribute mfcc_sma[14]_peakMeanAbs numeric
@attribute mfcc_sma[14]_peakMeanMeanDist numeric
@attribute mfcc_sma[14]_peakMeanRel numeric
@attribute mfcc_sma[14]_minRangeRel numeric
@attribute mfcc_sma[14]_meanRisingSlope numeric
@attribute mfcc_sma[14]_stddevRisingSlope numeric
@attribute mfcc_sma[14]_meanFallingSlope numeric
@attribute mfcc_sma[14]_stddevFallingSlope numeric
@attribute mfcc_sma[14]_linregc1 numeric
@attribute mfcc_sma[14]_linregc2 numeric
@attribute mfcc_sma[14]_linregerrQ numeric
@attribute mfcc_sma[14]_qregc1 numeric
@attribute mfcc_sma[14]_qregc2 numeric
@attribute mfcc_sma[14]_qregc3 numeric
@attribute mfcc_sma[14]_qregerrQ numeric
@attribute mfcc_sma[14]_centroid numeric
@attribute audspec_lengthL1norm_sma_de_flatness numeric
@attribute audspec_lengthL1norm_sma_de_posamean numeric
@attribute audspec_lengthL1norm_sma_de_rqmean numeric
@attribute audspec_lengthL1norm_sma_de_meanPeakDist numeric
@attribute audspec_lengthL1norm_sma_de_peakDistStddev numeric
@attribute audspec_lengthL1norm_sma_de_peakRangeAbs numeric
@attribute audspec_lengthL1norm_sma_de_peakRangeRel numeric
@attribute audspec_lengthL1norm_sma_de_peakMeanAbs numeric
@attribute audspec_lengthL1norm_sma_de_peakMeanMeanDist numeric
@attribute audspec_lengthL1norm_sma_de_peakMeanRel numeric
@attribute audspec_lengthL1norm_sma_de_minRangeRel numeric
@attribute audspec_lengthL1norm_sma_de_meanRisingSlope numeric
@attribute audspec_lengthL1norm_sma_de_stddevRisingSlope numeric
@attribute audspec_lengthL1norm_sma_de_meanFallingSlope numeric
@attribute audspec_lengthL1norm_sma_de_stddevFallingSlope numeric
@attribute audspecRasta_lengthL1norm_sma_de_flatness numeric
@attribute audspecRasta_lengthL1norm_sma_de_posamean numeric
@attribute audspecRasta_lengthL1norm_sma_de_rqmean numeric
@attribute audspecRasta_lengthL1norm_sma_de_meanPeakDist numeric
@attribute audspecRasta_lengthL1norm_sma_de_peakDistStddev numeric
@attribute audspecRasta_lengthL1norm_sma_de_peakRangeAbs numeric
@attribute audspecRasta_lengthL1norm_sma_de_peakRangeRel numeric
@attribute audspecRasta_lengthL1norm_sma_de_peakMeanAbs numeric
@attribute audspecRasta_lengthL1norm_sma_de_peakMeanMeanDist numeric
@attribute audspecRasta_lengthL1norm_sma_de_peakMeanRel numeric
@attribute audspecRasta_lengthL1norm_sma_de_minRangeRel numeric
@attribute audspecRasta_lengthL1norm_sma_de_meanRisingSlope numeric
@attribute audspecRasta_lengthL1norm_sma_de_stddevRisingSlope numeric
@attribute audspecRasta_lengthL1norm_sma_de_meanFallingSlope numeric
@attribute audspecRasta_lengthL1norm_sma_de_stddevFallingSlope numeric
@attribute pcm_RMSenergy_sma_de_flatness numeric
@attribute pcm_RMSenergy_sma_de_posamean numeric
@attribute pcm_RMSenergy_sma_de_rqmean numeric
@attribute pcm_RMSenergy_sma_de_meanPeakDist numeric
@attribute pcm_RMSenergy_sma_de_peakDistStddev numeric
@attribute pcm_RMSenergy_sma_de_peakRangeAbs numeric
@attribute pcm_RMSenergy_sma_de_peakRangeRel numeric
@attribute pcm_RMSenergy_sma_de_peakMeanAbs numeric
@attribute pcm_RMSenergy_sma_de_peakMeanMeanDist numeric
@attribute pcm_RMSenergy_sma_de_peakMeanRel numeric
@attribute pcm_RMSenergy_sma_de_minRangeRel numeric
@attribute pcm_RMSenergy_sma_de_meanRisingSlope numeric
@attribute pcm_RMSenergy_sma_de_stddevRisingSlope numeric
@attribute pcm_RMSenergy_sma_de_meanFallingSlope numeric
@attribute pcm_RMSenergy_sma_de_stddevFallingSlope numeric
@attribute pcm_zcr_sma_de_flatness numeric
@attribute pcm_zcr_sma_de_posamean numeric
@attribute pcm_zcr_sma_de_rqmean numeric
@attribute pcm_zcr_sma_de_meanPeakDist numeric
@attribute pcm_zcr_sma_de_peakDistStddev numeric
@attribute pcm_zcr_sma_de_peakRangeAbs numeric
@attribute pcm_zcr_sma_de_peakRangeRel numeric
@attribute pcm_zcr_sma_de_peakMeanAbs numeric
@attribute pcm_zcr_sma_de_peakMeanMeanDist numeric
@attribute pcm_zcr_sma_de_peakMeanRel numeric
@attribute pcm_zcr_sma_de_minRangeRel numeric
@attribute pcm_zcr_sma_de_meanRisingSlope numeric
@attribute pcm_zcr_sma_de_stddevRisingSlope numeric
@attribute pcm_zcr_sma_de_meanFallingSlope numeric
@attribute pcm_zcr_sma_de_stddevFallingSlope numeric
@attribute audSpec_Rfilt_sma_de[0]_flatness numeric
@attribute audSpec_Rfilt_sma_de[0]_posamean numeric
@attribute audSpec_Rfilt_sma_de[0]_rqmean numeric
@attribute audSpec_Rfilt_sma_de[0]_meanPeakDist numeric
@attribute audSpec_Rfilt_sma_de[0]_peakDistStddev numeric
@attribute audSpec_Rfilt_sma_de[0]_peakRangeAbs numeric
@attribute audSpec_Rfilt_sma_de[0]_peakRangeRel numeric
@attribute audSpec_Rfilt_sma_de[0]_peakMeanAbs numeric
@attribute audSpec_Rfilt_sma_de[0]_peakMeanMeanDist numeric
@attribute audSpec_Rfilt_sma_de[0]_peakMeanRel numeric
@attribute audSpec_Rfilt_sma_de[0]_minRangeRel numeric
@attribute audSpec_Rfilt_sma_de[0]_meanRisingSlope numeric
@attribute audSpec_Rfilt_sma_de[0]_stddevRisingSlope numeric
@attribute audSpec_Rfilt_sma_de[0]_meanFallingSlope numeric
@attribute audSpec_Rfilt_sma_de[0]_stddevFallingSlope numeric
@attribute audSpec_Rfilt_sma_de[1]_flatness numeric
@attribute audSpec_Rfilt_sma_de[1]_posamean numeric
@attribute audSpec_Rfilt_sma_de[1]_rqmean numeric
@attribute audSpec_Rfilt_sma_de[1]_meanPeakDist numeric
@attribute audSpec_Rfilt_sma_de[1]_peakDistStddev numeric
@attribute audSpec_Rfilt_sma_de[1]_peakRangeAbs numeric
@attribute audSpec_Rfilt_sma_de[1]_peakRangeRel numeric
@attribute audSpec_Rfilt_sma_de[1]_peakMeanAbs numeric
@attribute audSpec_Rfilt_sma_de[1]_peakMeanMeanDist numeric
@attribute audSpec_Rfilt_sma_de[1]_peakMeanRel numeric
@attribute audSpec_Rfilt_sma_de[1]_minRangeRel numeric
@attribute audSpec_Rfilt_sma_de[1]_meanRisingSlope numeric
@attribute audSpec_Rfilt_sma_de[1]_stddevRisingSlope numeric
@attribute audSpec_Rfilt_sma_de[1]_meanFallingSlope numeric
@attribute audSpec_Rfilt_sma_de[1]_stddevFallingSlope numeric
@attribute audSpec_Rfilt_sma_de[2]_flatness numeric
@attribute audSpec_Rfilt_sma_de[2]_posamean numeric
@attribute audSpec_Rfilt_sma_de[2]_rqmean numeric
@attribute audSpec_Rfilt_sma_de[2]_meanPeakDist numeric
@attribute audSpec_Rfilt_sma_de[2]_peakDistStddev numeric
@attribute audSpec_Rfilt_sma_de[2]_peakRangeAbs numeric
@attribute audSpec_Rfilt_sma_de[2]_peakRangeRel numeric
@attribute audSpec_Rfilt_sma_de[2]_peakMeanAbs numeric
@attribute audSpec_Rfilt_sma_de[2]_peakMeanMeanDist numeric
@attribute audSpec_Rfilt_sma_de[2]_peakMeanRel numeric
@attribute audSpec_Rfilt_sma_de[2]_minRangeRel numeric
@attribute audSpec_Rfilt_sma_de[2]_meanRisingSlope numeric
@attribute audSpec_Rfilt_sma_de[2]_stddevRisingSlope numeric
@attribute audSpec_Rfilt_sma_de[2]_meanFallingSlope numeric
@attribute audSpec_Rfilt_sma_de[2]_stddevFallingSlope numeric
@attribute audSpec_Rfilt_sma_de[3]_flatness numeric
@attribute audSpec_Rfilt_sma_de[3]_posamean numeric
@attribute audSpec_Rfilt_sma_de[3]_rqmean numeric
@attribute audSpec_Rfilt_sma_de[3]_meanPeakDist numeric
@attribute audSpec_Rfilt_sma_de[3]_peakDistStddev numeric
@attribute audSpec_Rfilt_sma_de[3]_peakRangeAbs numeric
@attribute audSpec_Rfilt_sma_de[3]_peakRangeRel numeric
@attribute audSpec_Rfilt_sma_de[3]_peakMeanAbs numeric
@attribute audSpec_Rfilt_sma_de[3]_peakMeanMeanDist numeric
@attribute audSpec_Rfilt_sma_de[3]_peakMeanRel numeric
@attribute audSpec_Rfilt_sma_de[3]_minRangeRel numeric
@attribute audSpec_Rfilt_sma_de[3]_meanRisingSlope numeric
@attribute audSpec_Rfilt_sma_de[3]_stddevRisingSlope numeric
@attribute audSpec_Rfilt_sma_de[3]_meanFallingSlope numeric
@attribute audSpec_Rfilt_sma_de[3]_stddevFallingSlope numeric
@attribute audSpec_Rfilt_sma_de[4]_flatness numeric
@attribute audSpec_Rfilt_sma_de[4]_posamean numeric
@attribute audSpec_Rfilt_sma_de[4]_rqmean numeric
@attribute audSpec_Rfilt_sma_de[4]_meanPeakDist numeric
@attribute audSpec_Rfilt_sma_de[4]_peakDistStddev numeric
@attribute audSpec_Rfilt_sma_de[4]_peakRangeAbs numeric
@attribute audSpec_Rfilt_sma_de[4]_peakRangeRel numeric
@attribute audSpec_Rfilt_sma_de[4]_peakMeanAbs numeric
@attribute audSpec_Rfilt_sma_de[4]_peakMeanMeanDist numeric
@attribute audSpec_Rfilt_sma_de[4]_peakMeanRel numeric
@attribute audSpec_Rfilt_sma_de[4]_minRangeRel numeric
@attribute audSpec_Rfilt_sma_de[4]_meanRisingSlope numeric
@attribute audSpec_Rfilt_sma_de[4]_stddevRisingSlope numeric
@attribute audSpec_Rfilt_sma_de[4]_meanFallingSlope numeric
@attribute audSpec_Rfilt_sma_de[4]_stddevFallingSlope numeric
@attribute audSpec_Rfilt_sma_de[5]_flatness numeric
@attribute audSpec_Rfilt_sma_de[5]_posamean numeric
@attribute audSpec_Rfilt_sma_de[5]_rqmean numeric
@attribute audSpec_Rfilt_sma_de[5]_meanPeakDist numeric
@attribute audSpec_Rfilt_sma_de[5]_peakDistStddev numeric
@attribute audSpec_Rfilt_sma_de[5]_peakRangeAbs numeric
@attribute audSpec_Rfilt_sma_de[5]_peakRangeRel numeric
@attribute audSpec_Rfilt_sma_de[5]_peakMeanAbs numeric
@attribute audSpec_Rfilt_sma_de[5]_peakMeanMeanDist numeric
@attribute audSpec_Rfilt_sma_de[5]_peakMeanRel numeric
@attribute audSpec_Rfilt_sma_de[5]_minRangeRel numeric
@attribute audSpec_Rfilt_sma_de[5]_meanRisingSlope numeric
@attribute audSpec_Rfilt_sma_de[5]_stddevRisingSlope numeric
@attribute audSpec_Rfilt_sma_de[5]_meanFallingSlope numeric
@attribute audSpec_Rfilt_sma_de[5]_stddevFallingSlope numeric
@attribute audSpec_Rfilt_sma_de[6]_flatness numeric
@attribute audSpec_Rfilt_sma_de[6]_posamean numeric
@attribute audSpec_Rfilt_sma_de[6]_rqmean numeric
@attribute audSpec_Rfilt_sma_de[6]_meanPeakDist numeric
@attribute audSpec_Rfilt_sma_de[6]_peakDistStddev numeric
@attribute audSpec_Rfilt_sma_de[6]_peakRangeAbs numeric
@attribute audSpec_Rfilt_sma_de[6]_peakRangeRel numeric
@attribute audSpec_Rfilt_sma_de[6]_peakMeanAbs numeric
@attribute audSpec_Rfilt_sma_de[6]_peakMeanMeanDist numeric
@attribute audSpec_Rfilt_sma_de[6]_peakMeanRel numeric
@attribute audSpec_Rfilt_sma_de[6]_minRangeRel numeric
@attribute audSpec_Rfilt_sma_de[6]_meanRisingSlope numeric
@attribute audSpec_Rfilt_sma_de[6]_stddevRisingSlope numeric
@attribute audSpec_Rfilt_sma_de[6]_meanFallingSlope numeric
@attribute audSpec_Rfilt_sma_de[6]_stddevFallingSlope numeric
@attribute audSpec_Rfilt_sma_de[7]_flatness numeric
@attribute audSpec_Rfilt_sma_de[7]_posamean numeric
@attribute audSpec_Rfilt_sma_de[7]_rqmean numeric
@attribute audSpec_Rfilt_sma_de[7]_meanPeakDist numeric
@attribute audSpec_Rfilt_sma_de[7]_peakDistStddev numeric
@attribute audSpec_Rfilt_sma_de[7]_peakRangeAbs numeric
@attribute audSpec_Rfilt_sma_de[7]_peakRangeRel numeric
@attribute audSpec_Rfilt_sma_de[7]_peakMeanAbs numeric
@attribute audSpec_Rfilt_sma_de[7]_peakMeanMeanDist numeric
@attribute audSpec_Rfilt_sma_de[7]_peakMeanRel numeric
@attribute audSpec_Rfilt_sma_de[7]_minRangeRel numeric
@attribute audSpec_Rfilt_sma_de[7]_meanRisingSlope numeric
@attribute audSpec_Rfilt_sma_de[7]_stddevRisingSlope numeric
@attribute audSpec_Rfilt_sma_de[7]_meanFallingSlope numeric
@attribute audSpec_Rfilt_sma_de[7]_stddevFallingSlope numeric
@attribute audSpec_Rfilt_sma_de[8]_flatness numeric
@attribute audSpec_Rfilt_sma_de[8]_posamean numeric
@attribute audSpec_Rfilt_sma_de[8]_rqmean numeric
@attribute audSpec_Rfilt_sma_de[8]_meanPeakDist numeric
@attribute audSpec_Rfilt_sma_de[8]_peakDistStddev numeric
@attribute audSpec_Rfilt_sma_de[8]_peakRangeAbs numeric
@attribute audSpec_Rfilt_sma_de[8]_peakRangeRel numeric
@attribute audSpec_Rfilt_sma_de[8]_peakMeanAbs numeric
@attribute audSpec_Rfilt_sma_de[8]_peakMeanMeanDist numeric
@attribute audSpec_Rfilt_sma_de[8]_peakMeanRel numeric
@attribute audSpec_Rfilt_sma_de[8]_minRangeRel numeric
@attribute audSpec_Rfilt_sma_de[8]_meanRisingSlope numeric
@attribute audSpec_Rfilt_sma_de[8]_stddevRisingSlope numeric
@attribute audSpec_Rfilt_sma_de[8]_meanFallingSlope numeric
@attribute audSpec_Rfilt_sma_de[8]_stddevFallingSlope numeric
@attribute audSpec_Rfilt_sma_de[9]_flatness numeric
@attribute audSpec_Rfilt_sma_de[9]_posamean numeric
@attribute audSpec_Rfilt_sma_de[9]_rqmean numeric
@attribute audSpec_Rfilt_sma_de[9]_meanPeakDist numeric
@attribute audSpec_Rfilt_sma_de[9]_peakDistStddev numeric
@attribute audSpec_Rfilt_sma_de[9]_peakRangeAbs numeric
@attribute audSpec_Rfilt_sma_de[9]_peakRangeRel numeric
@attribute audSpec_Rfilt_sma_de[9]_peakMeanAbs numeric
@attribute audSpec_Rfilt_sma_de[9]_peakMeanMeanDist numeric
@attribute audSpec_Rfilt_sma_de[9]_peakMeanRel numeric
@attribute audSpec_Rfilt_sma_de[9]_minRangeRel numeric
@attribute audSpec_Rfilt_sma_de[9]_meanRisingSlope numeric
@attribute audSpec_Rfilt_sma_de[9]_stddevRisingSlope numeric
@attribute audSpec_Rfilt_sma_de[9]_meanFallingSlope numeric
@attribute audSpec_Rfilt_sma_de[9]_stddevFallingSlope numeric
@attribute audSpec_Rfilt_sma_de[10]_flatness numeric
@attribute audSpec_Rfilt_sma_de[10]_posamean numeric
@attribute audSpec_Rfilt_sma_de[10]_rqmean numeric
@attribute audSpec_Rfilt_sma_de[10]_meanPeakDist numeric
@attribute audSpec_Rfilt_sma_de[10]_peakDistStddev numeric
@attribute audSpec_Rfilt_sma_de[10]_peakRangeAbs numeric
@attribute audSpec_Rfilt_sma_de[10]_peakRangeRel numeric
@attribute audSpec_Rfilt_sma_de[10]_peakMeanAbs numeric
@attribute audSpec_Rfilt_sma_de[10]_peakMeanMeanDist numeric
@attribute audSpec_Rfilt_sma_de[10]_peakMeanRel numeric
@attribute audSpec_Rfilt_sma_de[10]_minRangeRel numeric
@attribute audSpec_Rfilt_sma_de[10]_meanRisingSlope numeric
@attribute audSpec_Rfilt_sma_de[10]_stddevRisingSlope numeric
@attribute audSpec_Rfilt_sma_de[10]_meanFallingSlope numeric
@attribute audSpec_Rfilt_sma_de[10]_stddevFallingSlope numeric
@attribute audSpec_Rfilt_sma_de[11]_flatness numeric
@attribute audSpec_Rfilt_sma_de[11]_posamean numeric
@attribute audSpec_Rfilt_sma_de[11]_rqmean numeric
@attribute audSpec_Rfilt_sma_de[11]_meanPeakDist numeric
@attribute audSpec_Rfilt_sma_de[11]_peakDistStddev numeric
@attribute audSpec_Rfilt_sma_de[11]_peakRangeAbs numeric
@attribute audSpec_Rfilt_sma_de[11]_peakRangeRel numeric
@attribute audSpec_Rfilt_sma_de[11]_peakMeanAbs numeric
@attribute audSpec_Rfilt_sma_de[11]_peakMeanMeanDist numeric
@attribute audSpec_Rfilt_sma_de[11]_peakMeanRel numeric
@attribute audSpec_Rfilt_sma_de[11]_minRangeRel numeric
@attribute audSpec_Rfilt_sma_de[11]_meanRisingSlope numeric
@attribute audSpec_Rfilt_sma_de[11]_stddevRisingSlope numeric
@attribute audSpec_Rfilt_sma_de[11]_meanFallingSlope numeric
@attribute audSpec_Rfilt_sma_de[11]_stddevFallingSlope numeric
@attribute audSpec_Rfilt_sma_de[12]_flatness numeric
@attribute audSpec_Rfilt_sma_de[12]_posamean numeric
@attribute audSpec_Rfilt_sma_de[12]_rqmean numeric
@attribute audSpec_Rfilt_sma_de[12]_meanPeakDist numeric
@attribute audSpec_Rfilt_sma_de[12]_peakDistStddev numeric
@attribute audSpec_Rfilt_sma_de[12]_peakRangeAbs numeric
@attribute audSpec_Rfilt_sma_de[12]_peakRangeRel numeric
@attribute audSpec_Rfilt_sma_de[12]_peakMeanAbs numeric
@attribute audSpec_Rfilt_sma_de[12]_peakMeanMeanDist numeric
@attribute audSpec_Rfilt_sma_de[12]_peakMeanRel numeric
@attribute audSpec_Rfilt_sma_de[12]_minRangeRel numeric
@attribute audSpec_Rfilt_sma_de[12]_meanRisingSlope numeric
@attribute audSpec_Rfilt_sma_de[12]_stddevRisingSlope numeric
@attribute audSpec_Rfilt_sma_de[12]_meanFallingSlope numeric
@attribute audSpec_Rfilt_sma_de[12]_stddevFallingSlope numeric
@attribute audSpec_Rfilt_sma_de[13]_flatness numeric
@attribute audSpec_Rfilt_sma_de[13]_posamean numeric
@attribute audSpec_Rfilt_sma_de[13]_rqmean numeric
@attribute audSpec_Rfilt_sma_de[13]_meanPeakDist numeric
@attribute audSpec_Rfilt_sma_de[13]_peakDistStddev numeric
@attribute audSpec_Rfilt_sma_de[13]_peakRangeAbs numeric
@attribute audSpec_Rfilt_sma_de[13]_peakRangeRel numeric
@attribute audSpec_Rfilt_sma_de[13]_peakMeanAbs numeric
@attribute audSpec_Rfilt_sma_de[13]_peakMeanMeanDist numeric
@attribute audSpec_Rfilt_sma_de[13]_peakMeanRel numeric
@attribute audSpec_Rfilt_sma_de[13]_minRangeRel numeric
@attribute audSpec_Rfilt_sma_de[13]_meanRisingSlope numeric
@attribute audSpec_Rfilt_sma_de[13]_stddevRisingSlope numeric
@attribute audSpec_Rfilt_sma_de[13]_meanFallingSlope numeric
@attribute audSpec_Rfilt_sma_de[13]_stddevFallingSlope numeric
@attribute audSpec_Rfilt_sma_de[14]_flatness numeric
@attribute audSpec_Rfilt_sma_de[14]_posamean numeric
@attribute audSpec_Rfilt_sma_de[14]_rqmean numeric
@attribute audSpec_Rfilt_sma_de[14]_meanPeakDist numeric
@attribute audSpec_Rfilt_sma_de[14]_peakDistStddev numeric
@attribute audSpec_Rfilt_sma_de[14]_peakRangeAbs numeric
@attribute audSpec_Rfilt_sma_de[14]_peakRangeRel numeric
@attribute audSpec_Rfilt_sma_de[14]_peakMeanAbs numeric
@attribute audSpec_Rfilt_sma_de[14]_peakMeanMeanDist numeric
@attribute audSpec_Rfilt_sma_de[14]_peakMeanRel numeric
@attribute audSpec_Rfilt_sma_de[14]_minRangeRel numeric
@attribute audSpec_Rfilt_sma_de[14]_meanRisingSlope numeric
@attribute audSpec_Rfilt_sma_de[14]_stddevRisingSlope numeric
@attribute audSpec_Rfilt_sma_de[14]_meanFallingSlope numeric
@attribute audSpec_Rfilt_sma_de[14]_stddevFallingSlope numeric
@attribute audSpec_Rfilt_sma_de[15]_flatness numeric
@attribute audSpec_Rfilt_sma_de[15]_posamean numeric
@attribute audSpec_Rfilt_sma_de[15]_rqmean numeric
@attribute audSpec_Rfilt_sma_de[15]_meanPeakDist numeric
@attribute audSpec_Rfilt_sma_de[15]_peakDistStddev numeric
@attribute audSpec_Rfilt_sma_de[15]_peakRangeAbs numeric
@attribute audSpec_Rfilt_sma_de[15]_peakRangeRel numeric
@attribute audSpec_Rfilt_sma_de[15]_peakMeanAbs numeric
@attribute audSpec_Rfilt_sma_de[15]_peakMeanMeanDist numeric
@attribute audSpec_Rfilt_sma_de[15]_peakMeanRel numeric
@attribute audSpec_Rfilt_sma_de[15]_minRangeRel numeric
@attribute audSpec_Rfilt_sma_de[15]_meanRisingSlope numeric
@attribute audSpec_Rfilt_sma_de[15]_stddevRisingSlope numeric
@attribute audSpec_Rfilt_sma_de[15]_meanFallingSlope numeric
@attribute audSpec_Rfilt_sma_de[15]_stddevFallingSlope numeric
@attribute audSpec_Rfilt_sma_de[16]_flatness numeric
@attribute audSpec_Rfilt_sma_de[16]_posamean numeric
@attribute audSpec_Rfilt_sma_de[16]_rqmean numeric
@attribute audSpec_Rfilt_sma_de[16]_meanPeakDist numeric
@attribute audSpec_Rfilt_sma_de[16]_peakDistStddev numeric
@attribute audSpec_Rfilt_sma_de[16]_peakRangeAbs numeric
@attribute audSpec_Rfilt_sma_de[16]_peakRangeRel numeric
@attribute audSpec_Rfilt_sma_de[16]_peakMeanAbs numeric
@attribute audSpec_Rfilt_sma_de[16]_peakMeanMeanDist numeric
@attribute audSpec_Rfilt_sma_de[16]_peakMeanRel numeric
@attribute audSpec_Rfilt_sma_de[16]_minRangeRel numeric
@attribute audSpec_Rfilt_sma_de[16]_meanRisingSlope numeric
@attribute audSpec_Rfilt_sma_de[16]_stddevRisingSlope numeric
@attribute audSpec_Rfilt_sma_de[16]_meanFallingSlope numeric
@attribute audSpec_Rfilt_sma_de[16]_stddevFallingSlope numeric
@attribute audSpec_Rfilt_sma_de[17]_flatness numeric
@attribute audSpec_Rfilt_sma_de[17]_posamean numeric
@attribute audSpec_Rfilt_sma_de[17]_rqmean numeric
@attribute audSpec_Rfilt_sma_de[17]_meanPeakDist numeric
@attribute audSpec_Rfilt_sma_de[17]_peakDistStddev numeric
@attribute audSpec_Rfilt_sma_de[17]_peakRangeAbs numeric
@attribute audSpec_Rfilt_sma_de[17]_peakRangeRel numeric
@attribute audSpec_Rfilt_sma_de[17]_peakMeanAbs numeric
@attribute audSpec_Rfilt_sma_de[17]_peakMeanMeanDist numeric
@attribute audSpec_Rfilt_sma_de[17]_peakMeanRel numeric
@attribute audSpec_Rfilt_sma_de[17]_minRangeRel numeric
@attribute audSpec_Rfilt_sma_de[17]_meanRisingSlope numeric
@attribute audSpec_Rfilt_sma_de[17]_stddevRisingSlope numeric
@attribute audSpec_Rfilt_sma_de[17]_meanFallingSlope numeric
@attribute audSpec_Rfilt_sma_de[17]_stddevFallingSlope numeric
@attribute audSpec_Rfilt_sma_de[18]_flatness numeric
@attribute audSpec_Rfilt_sma_de[18]_posamean numeric
@attribute audSpec_Rfilt_sma_de[18]_rqmean numeric
@attribute audSpec_Rfilt_sma_de[18]_meanPeakDist numeric
@attribute audSpec_Rfilt_sma_de[18]_peakDistStddev numeric
@attribute audSpec_Rfilt_sma_de[18]_peakRangeAbs numeric
@attribute audSpec_Rfilt_sma_de[18]_peakRangeRel numeric
@attribute audSpec_Rfilt_sma_de[18]_peakMeanAbs numeric
@attribute audSpec_Rfilt_sma_de[18]_peakMeanMeanDist numeric
@attribute audSpec_Rfilt_sma_de[18]_peakMeanRel numeric
@attribute audSpec_Rfilt_sma_de[18]_minRangeRel numeric
@attribute audSpec_Rfilt_sma_de[18]_meanRisingSlope numeric
@attribute audSpec_Rfilt_sma_de[18]_stddevRisingSlope numeric
@attribute audSpec_Rfilt_sma_de[18]_meanFallingSlope numeric
@attribute audSpec_Rfilt_sma_de[18]_stddevFallingSlope numeric
@attribute audSpec_Rfilt_sma_de[19]_flatness numeric
@attribute audSpec_Rfilt_sma_de[19]_posamean numeric
@attribute audSpec_Rfilt_sma_de[19]_rqmean numeric
@attribute audSpec_Rfilt_sma_de[19]_meanPeakDist numeric
@attribute audSpec_Rfilt_sma_de[19]_peakDistStddev numeric
@attribute audSpec_Rfilt_sma_de[19]_peakRangeAbs numeric
@attribute audSpec_Rfilt_sma_de[19]_peakRangeRel numeric
@attribute audSpec_Rfilt_sma_de[19]_peakMeanAbs numeric
@attribute audSpec_Rfilt_sma_de[19]_peakMeanMeanDist numeric
@attribute audSpec_Rfilt_sma_de[19]_peakMeanRel numeric
@attribute audSpec_Rfilt_sma_de[19]_minRangeRel numeric
@attribute audSpec_Rfilt_sma_de[19]_meanRisingSlope numeric
@attribute audSpec_Rfilt_sma_de[19]_stddevRisingSlope numeric
@attribute audSpec_Rfilt_sma_de[19]_meanFallingSlope numeric
@attribute audSpec_Rfilt_sma_de[19]_stddevFallingSlope numeric
@attribute audSpec_Rfilt_sma_de[20]_flatness numeric
@attribute audSpec_Rfilt_sma_de[20]_posamean numeric
@attribute audSpec_Rfilt_sma_de[20]_rqmean numeric
@attribute audSpec_Rfilt_sma_de[20]_meanPeakDist numeric
@attribute audSpec_Rfilt_sma_de[20]_peakDistStddev numeric
@attribute audSpec_Rfilt_sma_de[20]_peakRangeAbs numeric
@attribute audSpec_Rfilt_sma_de[20]_peakRangeRel numeric
@attribute audSpec_Rfilt_sma_de[20]_peakMeanAbs numeric
@attribute audSpec_Rfilt_sma_de[20]_peakMeanMeanDist numeric
@attribute audSpec_Rfilt_sma_de[20]_peakMeanRel numeric
@attribute audSpec_Rfilt_sma_de[20]_minRangeRel numeric
@attribute audSpec_Rfilt_sma_de[20]_meanRisingSlope numeric
@attribute audSpec_Rfilt_sma_de[20]_stddevRisingSlope numeric
@attribute audSpec_Rfilt_sma_de[20]_meanFallingSlope numeric
@attribute audSpec_Rfilt_sma_de[20]_stddevFallingSlope numeric
@attribute audSpec_Rfilt_sma_de[21]_flatness numeric
@attribute audSpec_Rfilt_sma_de[21]_posamean numeric
@attribute audSpec_Rfilt_sma_de[21]_rqmean numeric
@attribute audSpec_Rfilt_sma_de[21]_meanPeakDist numeric
@attribute audSpec_Rfilt_sma_de[21]_peakDistStddev numeric
@attribute audSpec_Rfilt_sma_de[21]_peakRangeAbs numeric
@attribute audSpec_Rfilt_sma_de[21]_peakRangeRel numeric
@attribute audSpec_Rfilt_sma_de[21]_peakMeanAbs numeric
@attribute audSpec_Rfilt_sma_de[21]_peakMeanMeanDist numeric
@attribute audSpec_Rfilt_sma_de[21]_peakMeanRel numeric
@attribute audSpec_Rfilt_sma_de[21]_minRangeRel numeric
@attribute audSpec_Rfilt_sma_de[21]_meanRisingSlope numeric
@attribute audSpec_Rfilt_sma_de[21]_stddevRisingSlope numeric
@attribute audSpec_Rfilt_sma_de[21]_meanFallingSlope numeric
@attribute audSpec_Rfilt_sma_de[21]_stddevFallingSlope numeric
@attribute audSpec_Rfilt_sma_de[22]_flatness numeric
@attribute audSpec_Rfilt_sma_de[22]_posamean numeric
@attribute audSpec_Rfilt_sma_de[22]_rqmean numeric
@attribute audSpec_Rfilt_sma_de[22]_meanPeakDist numeric
@attribute audSpec_Rfilt_sma_de[22]_peakDistStddev numeric
@attribute audSpec_Rfilt_sma_de[22]_peakRangeAbs numeric
@attribute audSpec_Rfilt_sma_de[22]_peakRangeRel numeric
@attribute audSpec_Rfilt_sma_de[22]_peakMeanAbs numeric
@attribute audSpec_Rfilt_sma_de[22]_peakMeanMeanDist numeric
@attribute audSpec_Rfilt_sma_de[22]_peakMeanRel numeric
@attribute audSpec_Rfilt_sma_de[22]_minRangeRel numeric
@attribute audSpec_Rfilt_sma_de[22]_meanRisingSlope numeric
@attribute audSpec_Rfilt_sma_de[22]_stddevRisingSlope numeric
@attribute audSpec_Rfilt_sma_de[22]_meanFallingSlope numeric
@attribute audSpec_Rfilt_sma_de[22]_stddevFallingSlope numeric
@attribute audSpec_Rfilt_sma_de[23]_flatness numeric
@attribute audSpec_Rfilt_sma_de[23]_posamean numeric
@attribute audSpec_Rfilt_sma_de[23]_rqmean numeric
@attribute audSpec_Rfilt_sma_de[23]_meanPeakDist numeric
@attribute audSpec_Rfilt_sma_de[23]_peakDistStddev numeric
@attribute audSpec_Rfilt_sma_de[23]_peakRangeAbs numeric
@attribute audSpec_Rfilt_sma_de[23]_peakRangeRel numeric
@attribute audSpec_Rfilt_sma_de[23]_peakMeanAbs numeric
@attribute audSpec_Rfilt_sma_de[23]_peakMeanMeanDist numeric
@attribute audSpec_Rfilt_sma_de[23]_peakMeanRel numeric
@attribute audSpec_Rfilt_sma_de[23]_minRangeRel numeric
@attribute audSpec_Rfilt_sma_de[23]_meanRisingSlope numeric
@attribute audSpec_Rfilt_sma_de[23]_stddevRisingSlope numeric
@attribute audSpec_Rfilt_sma_de[23]_meanFallingSlope numeric
@attribute audSpec_Rfilt_sma_de[23]_stddevFallingSlope numeric
@attribute audSpec_Rfilt_sma_de[24]_flatness numeric
@attribute audSpec_Rfilt_sma_de[24]_posamean numeric
@attribute audSpec_Rfilt_sma_de[24]_rqmean numeric
@attribute audSpec_Rfilt_sma_de[24]_meanPeakDist numeric
@attribute audSpec_Rfilt_sma_de[24]_peakDistStddev numeric
@attribute audSpec_Rfilt_sma_de[24]_peakRangeAbs numeric
@attribute audSpec_Rfilt_sma_de[24]_peakRangeRel numeric
@attribute audSpec_Rfilt_sma_de[24]_peakMeanAbs numeric
@attribute audSpec_Rfilt_sma_de[24]_peakMeanMeanDist numeric
@attribute audSpec_Rfilt_sma_de[24]_peakMeanRel numeric
@attribute audSpec_Rfilt_sma_de[24]_minRangeRel numeric
@attribute audSpec_Rfilt_sma_de[24]_meanRisingSlope numeric
@attribute audSpec_Rfilt_sma_de[24]_stddevRisingSlope numeric
@attribute audSpec_Rfilt_sma_de[24]_meanFallingSlope numeric
@attribute audSpec_Rfilt_sma_de[24]_stddevFallingSlope numeric
@attribute audSpec_Rfilt_sma_de[25]_flatness numeric
@attribute audSpec_Rfilt_sma_de[25]_posamean numeric
@attribute audSpec_Rfilt_sma_de[25]_rqmean numeric
@attribute audSpec_Rfilt_sma_de[25]_meanPeakDist numeric
@attribute audSpec_Rfilt_sma_de[25]_peakDistStddev numeric
@attribute audSpec_Rfilt_sma_de[25]_peakRangeAbs numeric
@attribute audSpec_Rfilt_sma_de[25]_peakRangeRel numeric
@attribute audSpec_Rfilt_sma_de[25]_peakMeanAbs numeric
@attribute audSpec_Rfilt_sma_de[25]_peakMeanMeanDist numeric
@attribute audSpec_Rfilt_sma_de[25]_peakMeanRel numeric
@attribute audSpec_Rfilt_sma_de[25]_minRangeRel numeric
@attribute audSpec_Rfilt_sma_de[25]_meanRisingSlope numeric
@attribute audSpec_Rfilt_sma_de[25]_stddevRisingSlope numeric
@attribute audSpec_Rfilt_sma_de[25]_meanFallingSlope numeric
@attribute audSpec_Rfilt_sma_de[25]_stddevFallingSlope numeric
@attribute pcm_fftMag_fband250-650_sma_de_flatness numeric
@attribute pcm_fftMag_fband250-650_sma_de_posamean numeric
@attribute pcm_fftMag_fband250-650_sma_de_rqmean numeric
@attribute pcm_fftMag_fband250-650_sma_de_meanPeakDist numeric
@attribute pcm_fftMag_fband250-650_sma_de_peakDistStddev numeric
@attribute pcm_fftMag_fband250-650_sma_de_peakRangeAbs numeric
@attribute pcm_fftMag_fband250-650_sma_de_peakRangeRel numeric
@attribute pcm_fftMag_fband250-650_sma_de_peakMeanAbs numeric
@attribute pcm_fftMag_fband250-650_sma_de_peakMeanMeanDist numeric
@attribute pcm_fftMag_fband250-650_sma_de_peakMeanRel numeric
@attribute pcm_fftMag_fband250-650_sma_de_minRangeRel numeric
@attribute pcm_fftMag_fband250-650_sma_de_meanRisingSlope numeric
@attribute pcm_fftMag_fband250-650_sma_de_stddevRisingSlope numeric
@attribute pcm_fftMag_fband250-650_sma_de_meanFallingSlope numeric
@attribute pcm_fftMag_fband250-650_sma_de_stddevFallingSlope numeric
@attribute pcm_fftMag_fband1000-4000_sma_de_flatness numeric
@attribute pcm_fftMag_fband1000-4000_sma_de_posamean numeric
@attribute pcm_fftMag_fband1000-4000_sma_de_rqmean numeric
@attribute pcm_fftMag_fband1000-4000_sma_de_meanPeakDist numeric
@attribute pcm_fftMag_fband1000-4000_sma_de_peakDistStddev numeric
@attribute pcm_fftMag_fband1000-4000_sma_de_peakRangeAbs numeric
@attribute pcm_fftMag_fband1000-4000_sma_de_peakRangeRel numeric
@attribute pcm_fftMag_fband1000-4000_sma_de_peakMeanAbs numeric
@attribute pcm_fftMag_fband1000-4000_sma_de_peakMeanMeanDist numeric
@attribute pcm_fftMag_fband1000-4000_sma_de_peakMeanRel numeric
@attribute pcm_fftMag_fband1000-4000_sma_de_minRangeRel numeric
@attribute pcm_fftMag_fband1000-4000_sma_de_meanRisingSlope numeric
@attribute pcm_fftMag_fband1000-4000_sma_de_stddevRisingSlope numeric
@attribute pcm_fftMag_fband1000-4000_sma_de_meanFallingSlope numeric
@attribute pcm_fftMag_fband1000-4000_sma_de_stddevFallingSlope numeric
@attribute pcm_fftMag_spectralRollOff25.0_sma_de_flatness numeric
@attribute pcm_fftMag_spectralRollOff25.0_sma_de_posamean numeric
@attribute pcm_fftMag_spectralRollOff25.0_sma_de_rqmean numeric
@attribute pcm_fftMag_spectralRollOff25.0_sma_de_meanPeakDist numeric
@attribute pcm_fftMag_spectralRollOff25.0_sma_de_peakDistStddev numeric
@attribute pcm_fftMag_spectralRollOff25.0_sma_de_peakRangeAbs numeric
@attribute pcm_fftMag_spectralRollOff25.0_sma_de_peakRangeRel numeric
@attribute pcm_fftMag_spectralRollOff25.0_sma_de_peakMeanAbs numeric
@attribute pcm_fftMag_spectralRollOff25.0_sma_de_peakMeanMeanDist numeric
@attribute pcm_fftMag_spectralRollOff25.0_sma_de_peakMeanRel numeric
@attribute pcm_fftMag_spectralRollOff25.0_sma_de_minRangeRel numeric
@attribute pcm_fftMag_spectralRollOff25.0_sma_de_meanRisingSlope numeric
@attribute pcm_fftMag_spectralRollOff25.0_sma_de_stddevRisingSlope numeric
@attribute pcm_fftMag_spectralRollOff25.0_sma_de_meanFallingSlope numeric
@attribute pcm_fftMag_spectralRollOff25.0_sma_de_stddevFallingSlope numeric
@attribute pcm_fftMag_spectralRollOff50.0_sma_de_flatness numeric
@attribute pcm_fftMag_spectralRollOff50.0_sma_de_posamean numeric
@attribute pcm_fftMag_spectralRollOff50.0_sma_de_rqmean numeric
@attribute pcm_fftMag_spectralRollOff50.0_sma_de_meanPeakDist numeric
@attribute pcm_fftMag_spectralRollOff50.0_sma_de_peakDistStddev numeric
@attribute pcm_fftMag_spectralRollOff50.0_sma_de_peakRangeAbs numeric
@attribute pcm_fftMag_spectralRollOff50.0_sma_de_peakRangeRel numeric
@attribute pcm_fftMag_spectralRollOff50.0_sma_de_peakMeanAbs numeric
@attribute pcm_fftMag_spectralRollOff50.0_sma_de_peakMeanMeanDist numeric
@attribute pcm_fftMag_spectralRollOff50.0_sma_de_peakMeanRel numeric
@attribute pcm_fftMag_spectralRollOff50.0_sma_de_minRangeRel numeric
@attribute pcm_fftMag_spectralRollOff50.0_sma_de_meanRisingSlope numeric
@attribute pcm_fftMag_spectralRollOff50.0_sma_de_stddevRisingSlope numeric
@attribute pcm_fftMag_spectralRollOff50.0_sma_de_meanFallingSlope numeric
@attribute pcm_fftMag_spectralRollOff50.0_sma_de_stddevFallingSlope numeric
@attribute pcm_fftMag_spectralRollOff75.0_sma_de_flatness numeric
@attribute pcm_fftMag_spectralRollOff75.0_sma_de_posamean numeric
@attribute pcm_fftMag_spectralRollOff75.0_sma_de_rqmean numeric
@attribute pcm_fftMag_spectralRollOff75.0_sma_de_meanPeakDist numeric
@attribute pcm_fftMag_spectralRollOff75.0_sma_de_peakDistStddev numeric
@attribute pcm_fftMag_spectralRollOff75.0_sma_de_peakRangeAbs numeric
@attribute pcm_fftMag_spectralRollOff75.0_sma_de_peakRangeRel numeric
@attribute pcm_fftMag_spectralRollOff75.0_sma_de_peakMeanAbs numeric
@attribute pcm_fftMag_spectralRollOff75.0_sma_de_peakMeanMeanDist numeric
@attribute pcm_fftMag_spectralRollOff75.0_sma_de_peakMeanRel numeric
@attribute pcm_fftMag_spectralRollOff75.0_sma_de_minRangeRel numeric
@attribute pcm_fftMag_spectralRollOff75.0_sma_de_meanRisingSlope numeric
@attribute pcm_fftMag_spectralRollOff75.0_sma_de_stddevRisingSlope numeric
@attribute pcm_fftMag_spectralRollOff75.0_sma_de_meanFallingSlope numeric
@attribute pcm_fftMag_spectralRollOff75.0_sma_de_stddevFallingSlope numeric
@attribute pcm_fftMag_spectralRollOff90.0_sma_de_flatness numeric
@attribute pcm_fftMag_spectralRollOff90.0_sma_de_posamean numeric
@attribute pcm_fftMag_spectralRollOff90.0_sma_de_rqmean numeric
@attribute pcm_fftMag_spectralRollOff90.0_sma_de_meanPeakDist numeric
@attribute pcm_fftMag_spectralRollOff90.0_sma_de_peakDistStddev numeric
@attribute pcm_fftMag_spectralRollOff90.0_sma_de_peakRangeAbs numeric
@attribute pcm_fftMag_spectralRollOff90.0_sma_de_peakRangeRel numeric
@attribute pcm_fftMag_spectralRollOff90.0_sma_de_peakMeanAbs numeric
@attribute pcm_fftMag_spectralRollOff90.0_sma_de_peakMeanMeanDist numeric
@attribute pcm_fftMag_spectralRollOff90.0_sma_de_peakMeanRel numeric
@attribute pcm_fftMag_spectralRollOff90.0_sma_de_minRangeRel numeric
@attribute pcm_fftMag_spectralRollOff90.0_sma_de_meanRisingSlope numeric
@attribute pcm_fftMag_spectralRollOff90.0_sma_de_stddevRisingSlope numeric
@attribute pcm_fftMag_spectralRollOff90.0_sma_de_meanFallingSlope numeric
@attribute pcm_fftMag_spectralRollOff90.0_sma_de_stddevFallingSlope numeric
@attribute pcm_fftMag_spectralFlux_sma_de_flatness numeric
@attribute pcm_fftMag_spectralFlux_sma_de_posamean numeric
@attribute pcm_fftMag_spectralFlux_sma_de_rqmean numeric
@attribute pcm_fftMag_spectralFlux_sma_de_meanPeakDist numeric
@attribute pcm_fftMag_spectralFlux_sma_de_peakDistStddev numeric
@attribute pcm_fftMag_spectralFlux_sma_de_peakRangeAbs numeric
@attribute pcm_fftMag_spectralFlux_sma_de_peakRangeRel numeric
@attribute pcm_fftMag_spectralFlux_sma_de_peakMeanAbs numeric
@attribute pcm_fftMag_spectralFlux_sma_de_peakMeanMeanDist numeric
@attribute pcm_fftMag_spectralFlux_sma_de_peakMeanRel numeric
@attribute pcm_fftMag_spectralFlux_sma_de_minRangeRel numeric
@attribute pcm_fftMag_spectralFlux_sma_de_meanRisingSlope numeric
@attribute pcm_fftMag_spectralFlux_sma_de_stddevRisingSlope numeric
@attribute pcm_fftMag_spectralFlux_sma_de_meanFallingSlope numeric
@attribute pcm_fftMag_spectralFlux_sma_de_stddevFallingSlope numeric
@attribute pcm_fftMag_spectralCentroid_sma_de_flatness numeric
@attribute pcm_fftMag_spectralCentroid_sma_de_posamean numeric
@attribute pcm_fftMag_spectralCentroid_sma_de_rqmean numeric
@attribute pcm_fftMag_spectralCentroid_sma_de_meanPeakDist numeric
@attribute pcm_fftMag_spectralCentroid_sma_de_peakDistStddev numeric
@attribute pcm_fftMag_spectralCentroid_sma_de_peakRangeAbs numeric
@attribute pcm_fftMag_spectralCentroid_sma_de_peakRangeRel numeric
@attribute pcm_fftMag_spectralCentroid_sma_de_peakMeanAbs numeric
@attribute pcm_fftMag_spectralCentroid_sma_de_peakMeanMeanDist numeric
@attribute pcm_fftMag_spectralCentroid_sma_de_peakMeanRel numeric
@attribute pcm_fftMag_spectralCentroid_sma_de_minRangeRel numeric
@attribute pcm_fftMag_spectralCentroid_sma_de_meanRisingSlope numeric
@attribute pcm_fftMag_spectralCentroid_sma_de_stddevRisingSlope numeric
@attribute pcm_fftMag_spectralCentroid_sma_de_meanFallingSlope numeric
@attribute pcm_fftMag_spectralCentroid_sma_de_stddevFallingSlope numeric
@attribute pcm_fftMag_spectralEntropy_sma_de_flatness numeric
@attribute pcm_fftMag_spectralEntropy_sma_de_posamean numeric
@attribute pcm_fftMag_spectralEntropy_sma_de_rqmean numeric
@attribute pcm_fftMag_spectralEntropy_sma_de_meanPeakDist numeric
@attribute pcm_fftMag_spectralEntropy_sma_de_peakDistStddev numeric
@attribute pcm_fftMag_spectralEntropy_sma_de_peakRangeAbs numeric
@attribute pcm_fftMag_spectralEntropy_sma_de_peakRangeRel numeric
@attribute pcm_fftMag_spectralEntropy_sma_de_peakMeanAbs numeric
@attribute pcm_fftMag_spectralEntropy_sma_de_peakMeanMeanDist numeric
@attribute pcm_fftMag_spectralEntropy_sma_de_peakMeanRel numeric
@attribute pcm_fftMag_spectralEntropy_sma_de_minRangeRel numeric
@attribute pcm_fftMag_spectralEntropy_sma_de_meanRisingSlope numeric
@attribute pcm_fftMag_spectralEntropy_sma_de_stddevRisingSlope numeric
@attribute pcm_fftMag_spectralEntropy_sma_de_meanFallingSlope numeric
@attribute pcm_fftMag_spectralEntropy_sma_de_stddevFallingSlope numeric
@attribute pcm_fftMag_spectralVariance_sma_de_flatness numeric
@attribute pcm_fftMag_spectralVariance_sma_de_posamean numeric
@attribute pcm_fftMag_spectralVariance_sma_de_rqmean numeric
@attribute pcm_fftMag_spectralVariance_sma_de_meanPeakDist numeric
@attribute pcm_fftMag_spectralVariance_sma_de_peakDistStddev numeric
@attribute pcm_fftMag_spectralVariance_sma_de_peakRangeAbs numeric
@attribute pcm_fftMag_spectralVariance_sma_de_peakRangeRel numeric
@attribute pcm_fftMag_spectralVariance_sma_de_peakMeanAbs numeric
@attribute pcm_fftMag_spectralVariance_sma_de_peakMeanMeanDist numeric
@attribute pcm_fftMag_spectralVariance_sma_de_peakMeanRel numeric
@attribute pcm_fftMag_spectralVariance_sma_de_minRangeRel numeric
@attribute pcm_fftMag_spectralVariance_sma_de_meanRisingSlope numeric
@attribute pcm_fftMag_spectralVariance_sma_de_stddevRisingSlope numeric
@attribute pcm_fftMag_spectralVariance_sma_de_meanFallingSlope numeric
@attribute pcm_fftMag_spectralVariance_sma_de_stddevFallingSlope numeric
@attribute pcm_fftMag_spectralSkewness_sma_de_flatness numeric
@attribute pcm_fftMag_spectralSkewness_sma_de_posamean numeric
@attribute pcm_fftMag_spectralSkewness_sma_de_rqmean numeric
@attribute pcm_fftMag_spectralSkewness_sma_de_meanPeakDist numeric
@attribute pcm_fftMag_spectralSkewness_sma_de_peakDistStddev numeric
@attribute pcm_fftMag_spectralSkewness_sma_de_peakRangeAbs numeric
@attribute pcm_fftMag_spectralSkewness_sma_de_peakRangeRel numeric
@attribute pcm_fftMag_spectralSkewness_sma_de_peakMeanAbs numeric
@attribute pcm_fftMag_spectralSkewness_sma_de_peakMeanMeanDist numeric
@attribute pcm_fftMag_spectralSkewness_sma_de_peakMeanRel numeric
@attribute pcm_fftMag_spectralSkewness_sma_de_minRangeRel numeric
@attribute pcm_fftMag_spectralSkewness_sma_de_meanRisingSlope numeric
@attribute pcm_fftMag_spectralSkewness_sma_de_stddevRisingSlope numeric
@attribute pcm_fftMag_spectralSkewness_sma_de_meanFallingSlope numeric
@attribute pcm_fftMag_spectralSkewness_sma_de_stddevFallingSlope numeric
@attribute pcm_fftMag_spectralKurtosis_sma_de_flatness numeric
@attribute pcm_fftMag_spectralKurtosis_sma_de_posamean numeric
@attribute pcm_fftMag_spectralKurtosis_sma_de_rqmean numeric
@attribute pcm_fftMag_spectralKurtosis_sma_de_meanPeakDist numeric
@attribute pcm_fftMag_spectralKurtosis_sma_de_peakDistStddev numeric
@attribute pcm_fftMag_spectralKurtosis_sma_de_peakRangeAbs numeric
@attribute pcm_fftMag_spectralKurtosis_sma_de_peakRangeRel numeric
@attribute pcm_fftMag_spectralKurtosis_sma_de_peakMeanAbs numeric
@attribute pcm_fftMag_spectralKurtosis_sma_de_peakMeanMeanDist numeric
@attribute pcm_fftMag_spectralKurtosis_sma_de_peakMeanRel numeric
@attribute pcm_fftMag_spectralKurtosis_sma_de_minRangeRel numeric
@attribute pcm_fftMag_spectralKurtosis_sma_de_meanRisingSlope numeric
@attribute pcm_fftMag_spectralKurtosis_sma_de_stddevRisingSlope numeric
@attribute pcm_fftMag_spectralKurtosis_sma_de_meanFallingSlope numeric
@attribute pcm_fftMag_spectralKurtosis_sma_de_stddevFallingSlope numeric
@attribute pcm_fftMag_spectralSlope_sma_de_flatness numeric
@attribute pcm_fftMag_spectralSlope_sma_de_posamean numeric
@attribute pcm_fftMag_spectralSlope_sma_de_rqmean numeric
@attribute pcm_fftMag_spectralSlope_sma_de_meanPeakDist numeric
@attribute pcm_fftMag_spectralSlope_sma_de_peakDistStddev numeric
@attribute pcm_fftMag_spectralSlope_sma_de_peakRangeAbs numeric
@attribute pcm_fftMag_spectralSlope_sma_de_peakRangeRel numeric
@attribute pcm_fftMag_spectralSlope_sma_de_peakMeanAbs numeric
@attribute pcm_fftMag_spectralSlope_sma_de_peakMeanMeanDist numeric
@attribute pcm_fftMag_spectralSlope_sma_de_peakMeanRel numeric
@attribute pcm_fftMag_spectralSlope_sma_de_minRangeRel numeric
@attribute pcm_fftMag_spectralSlope_sma_de_meanRisingSlope numeric
@attribute pcm_fftMag_spectralSlope_sma_de_stddevRisingSlope numeric
@attribute pcm_fftMag_spectralSlope_sma_de_meanFallingSlope numeric
@attribute pcm_fftMag_spectralSlope_sma_de_stddevFallingSlope numeric
@attribute pcm_fftMag_psySharpness_sma_de_flatness numeric
@attribute pcm_fftMag_psySharpness_sma_de_posamean numeric
@attribute pcm_fftMag_psySharpness_sma_de_rqmean numeric
@attribute pcm_fftMag_psySharpness_sma_de_meanPeakDist numeric
@attribute pcm_fftMag_psySharpness_sma_de_peakDistStddev numeric
@attribute pcm_fftMag_psySharpness_sma_de_peakRangeAbs numeric
@attribute pcm_fftMag_psySharpness_sma_de_peakRangeRel numeric
@attribute pcm_fftMag_psySharpness_sma_de_peakMeanAbs numeric
@attribute pcm_fftMag_psySharpness_sma_de_peakMeanMeanDist numeric
@attribute pcm_fftMag_psySharpness_sma_de_peakMeanRel numeric
@attribute pcm_fftMag_psySharpness_sma_de_minRangeRel numeric
@attribute pcm_fftMag_psySharpness_sma_de_meanRisingSlope numeric
@attribute pcm_fftMag_psySharpness_sma_de_stddevRisingSlope numeric
@attribute pcm_fftMag_psySharpness_sma_de_meanFallingSlope numeric
@attribute pcm_fftMag_psySharpness_sma_de_stddevFallingSlope numeric
@attribute pcm_fftMag_spectralHarmonicity_sma_de_flatness numeric
@attribute pcm_fftMag_spectralHarmonicity_sma_de_posamean numeric
@attribute pcm_fftMag_spectralHarmonicity_sma_de_rqmean numeric
@attribute pcm_fftMag_spectralHarmonicity_sma_de_meanPeakDist numeric
@attribute pcm_fftMag_spectralHarmonicity_sma_de_peakDistStddev numeric
@attribute pcm_fftMag_spectralHarmonicity_sma_de_peakRangeAbs numeric
@attribute pcm_fftMag_spectralHarmonicity_sma_de_peakRangeRel numeric
@attribute pcm_fftMag_spectralHarmonicity_sma_de_peakMeanAbs numeric
@attribute pcm_fftMag_spectralHarmonicity_sma_de_peakMeanMeanDist numeric
@attribute pcm_fftMag_spectralHarmonicity_sma_de_peakMeanRel numeric
@attribute pcm_fftMag_spectralHarmonicity_sma_de_minRangeRel numeric
@attribute pcm_fftMag_spectralHarmonicity_sma_de_meanRisingSlope numeric
@attribute pcm_fftMag_spectralHarmonicity_sma_de_stddevRisingSlope numeric
@attribute pcm_fftMag_spectralHarmonicity_sma_de_meanFallingSlope numeric
@attribute pcm_fftMag_spectralHarmonicity_sma_de_stddevFallingSlope numeric
@attribute mfcc_sma_de[1]_flatness numeric
@attribute mfcc_sma_de[1]_posamean numeric
@attribute mfcc_sma_de[1]_rqmean numeric
@attribute mfcc_sma_de[1]_meanPeakDist numeric
@attribute mfcc_sma_de[1]_peakDistStddev numeric
@attribute mfcc_sma_de[1]_peakRangeAbs numeric
@attribute mfcc_sma_de[1]_peakRangeRel numeric
@attribute mfcc_sma_de[1]_peakMeanAbs numeric
@attribute mfcc_sma_de[1]_peakMeanMeanDist numeric
@attribute mfcc_sma_de[1]_peakMeanRel numeric
@attribute mfcc_sma_de[1]_minRangeRel numeric
@attribute mfcc_sma_de[1]_meanRisingSlope numeric
@attribute mfcc_sma_de[1]_stddevRisingSlope numeric
@attribute mfcc_sma_de[1]_meanFallingSlope numeric
@attribute mfcc_sma_de[1]_stddevFallingSlope numeric
@attribute mfcc_sma_de[2]_flatness numeric
@attribute mfcc_sma_de[2]_posamean numeric
@attribute mfcc_sma_de[2]_rqmean numeric
@attribute mfcc_sma_de[2]_meanPeakDist numeric
@attribute mfcc_sma_de[2]_peakDistStddev numeric
@attribute mfcc_sma_de[2]_peakRangeAbs numeric
@attribute mfcc_sma_de[2]_peakRangeRel numeric
@attribute mfcc_sma_de[2]_peakMeanAbs numeric
@attribute mfcc_sma_de[2]_peakMeanMeanDist numeric
@attribute mfcc_sma_de[2]_peakMeanRel numeric
@attribute mfcc_sma_de[2]_minRangeRel numeric
@attribute mfcc_sma_de[2]_meanRisingSlope numeric
@attribute mfcc_sma_de[2]_stddevRisingSlope numeric
@attribute mfcc_sma_de[2]_meanFallingSlope numeric
@attribute mfcc_sma_de[2]_stddevFallingSlope numeric
@attribute mfcc_sma_de[3]_flatness numeric
@attribute mfcc_sma_de[3]_posamean numeric
@attribute mfcc_sma_de[3]_rqmean numeric
@attribute mfcc_sma_de[3]_meanPeakDist numeric
@attribute mfcc_sma_de[3]_peakDistStddev numeric
@attribute mfcc_sma_de[3]_peakRangeAbs numeric
@attribute mfcc_sma_de[3]_peakRangeRel numeric
@attribute mfcc_sma_de[3]_peakMeanAbs numeric
@attribute mfcc_sma_de[3]_peakMeanMeanDist numeric
@attribute mfcc_sma_de[3]_peakMeanRel numeric
@attribute mfcc_sma_de[3]_minRangeRel numeric
@attribute mfcc_sma_de[3]_meanRisingSlope numeric
@attribute mfcc_sma_de[3]_stddevRisingSlope numeric
@attribute mfcc_sma_de[3]_meanFallingSlope numeric
@attribute mfcc_sma_de[3]_stddevFallingSlope numeric
@attribute mfcc_sma_de[4]_flatness numeric
@attribute mfcc_sma_de[4]_posamean numeric
@attribute mfcc_sma_de[4]_rqmean numeric
@attribute mfcc_sma_de[4]_meanPeakDist numeric
@attribute mfcc_sma_de[4]_peakDistStddev numeric
@attribute mfcc_sma_de[4]_peakRangeAbs numeric
@attribute mfcc_sma_de[4]_peakRangeRel numeric
@attribute mfcc_sma_de[4]_peakMeanAbs numeric
@attribute mfcc_sma_de[4]_peakMeanMeanDist numeric
@attribute mfcc_sma_de[4]_peakMeanRel numeric
@attribute mfcc_sma_de[4]_minRangeRel numeric
@attribute mfcc_sma_de[4]_meanRisingSlope numeric
@attribute mfcc_sma_de[4]_stddevRisingSlope numeric
@attribute mfcc_sma_de[4]_meanFallingSlope numeric
@attribute mfcc_sma_de[4]_stddevFallingSlope numeric
@attribute mfcc_sma_de[5]_flatness numeric
@attribute mfcc_sma_de[5]_posamean numeric
@attribute mfcc_sma_de[5]_rqmean numeric
@attribute mfcc_sma_de[5]_meanPeakDist numeric
@attribute mfcc_sma_de[5]_peakDistStddev numeric
@attribute mfcc_sma_de[5]_peakRangeAbs numeric
@attribute mfcc_sma_de[5]_peakRangeRel numeric
@attribute mfcc_sma_de[5]_peakMeanAbs numeric
@attribute mfcc_sma_de[5]_peakMeanMeanDist numeric
@attribute mfcc_sma_de[5]_peakMeanRel numeric
@attribute mfcc_sma_de[5]_minRangeRel numeric
@attribute mfcc_sma_de[5]_meanRisingSlope numeric
@attribute mfcc_sma_de[5]_stddevRisingSlope numeric
@attribute mfcc_sma_de[5]_meanFallingSlope numeric
@attribute mfcc_sma_de[5]_stddevFallingSlope numeric
@attribute mfcc_sma_de[6]_flatness numeric
@attribute mfcc_sma_de[6]_posamean numeric
@attribute mfcc_sma_de[6]_rqmean numeric
@attribute mfcc_sma_de[6]_meanPeakDist numeric
@attribute mfcc_sma_de[6]_peakDistStddev numeric
@attribute mfcc_sma_de[6]_peakRangeAbs numeric
@attribute mfcc_sma_de[6]_peakRangeRel numeric
@attribute mfcc_sma_de[6]_peakMeanAbs numeric
@attribute mfcc_sma_de[6]_peakMeanMeanDist numeric
@attribute mfcc_sma_de[6]_peakMeanRel numeric
@attribute mfcc_sma_de[6]_minRangeRel numeric
@attribute mfcc_sma_de[6]_meanRisingSlope numeric
@attribute mfcc_sma_de[6]_stddevRisingSlope numeric
@attribute mfcc_sma_de[6]_meanFallingSlope numeric
@attribute mfcc_sma_de[6]_stddevFallingSlope numeric
@attribute mfcc_sma_de[7]_flatness numeric
@attribute mfcc_sma_de[7]_posamean numeric
@attribute mfcc_sma_de[7]_rqmean numeric
@attribute mfcc_sma_de[7]_meanPeakDist numeric
@attribute mfcc_sma_de[7]_peakDistStddev numeric
@attribute mfcc_sma_de[7]_peakRangeAbs numeric
@attribute mfcc_sma_de[7]_peakRangeRel numeric
@attribute mfcc_sma_de[7]_peakMeanAbs numeric
@attribute mfcc_sma_de[7]_peakMeanMeanDist numeric
@attribute mfcc_sma_de[7]_peakMeanRel numeric
@attribute mfcc_sma_de[7]_minRangeRel numeric
@attribute mfcc_sma_de[7]_meanRisingSlope numeric
@attribute mfcc_sma_de[7]_stddevRisingSlope numeric
@attribute mfcc_sma_de[7]_meanFallingSlope numeric
@attribute mfcc_sma_de[7]_stddevFallingSlope numeric
@attribute mfcc_sma_de[8]_flatness numeric
@attribute mfcc_sma_de[8]_posamean numeric
@attribute mfcc_sma_de[8]_rqmean numeric
@attribute mfcc_sma_de[8]_meanPeakDist numeric
@attribute mfcc_sma_de[8]_peakDistStddev numeric
@attribute mfcc_sma_de[8]_peakRangeAbs numeric
@attribute mfcc_sma_de[8]_peakRangeRel numeric
@attribute mfcc_sma_de[8]_peakMeanAbs numeric
@attribute mfcc_sma_de[8]_peakMeanMeanDist numeric
@attribute mfcc_sma_de[8]_peakMeanRel numeric
@attribute mfcc_sma_de[8]_minRangeRel numeric
@attribute mfcc_sma_de[8]_meanRisingSlope numeric
@attribute mfcc_sma_de[8]_stddevRisingSlope numeric
@attribute mfcc_sma_de[8]_meanFallingSlope numeric
@attribute mfcc_sma_de[8]_stddevFallingSlope numeric
@attribute mfcc_sma_de[9]_flatness numeric
@attribute mfcc_sma_de[9]_posamean numeric
@attribute mfcc_sma_de[9]_rqmean numeric
@attribute mfcc_sma_de[9]_meanPeakDist numeric
@attribute mfcc_sma_de[9]_peakDistStddev numeric
@attribute mfcc_sma_de[9]_peakRangeAbs numeric
@attribute mfcc_sma_de[9]_peakRangeRel numeric
@attribute mfcc_sma_de[9]_peakMeanAbs numeric
@attribute mfcc_sma_de[9]_peakMeanMeanDist numeric
@attribute mfcc_sma_de[9]_peakMeanRel numeric
@attribute mfcc_sma_de[9]_minRangeRel numeric
@attribute mfcc_sma_de[9]_meanRisingSlope numeric
@attribute mfcc_sma_de[9]_stddevRisingSlope numeric
@attribute mfcc_sma_de[9]_meanFallingSlope numeric
@attribute mfcc_sma_de[9]_stddevFallingSlope numeric
@attribute mfcc_sma_de[10]_flatness numeric
@attribute mfcc_sma_de[10]_posamean numeric
@attribute mfcc_sma_de[10]_rqmean numeric
@attribute mfcc_sma_de[10]_meanPeakDist numeric
@attribute mfcc_sma_de[10]_peakDistStddev numeric
@attribute mfcc_sma_de[10]_peakRangeAbs numeric
@attribute mfcc_sma_de[10]_peakRangeRel numeric
@attribute mfcc_sma_de[10]_peakMeanAbs numeric
@attribute mfcc_sma_de[10]_peakMeanMeanDist numeric
@attribute mfcc_sma_de[10]_peakMeanRel numeric
@attribute mfcc_sma_de[10]_minRangeRel numeric
@attribute mfcc_sma_de[10]_meanRisingSlope numeric
@attribute mfcc_sma_de[10]_stddevRisingSlope numeric
@attribute mfcc_sma_de[10]_meanFallingSlope numeric
@attribute mfcc_sma_de[10]_stddevFallingSlope numeric
@attribute mfcc_sma_de[11]_flatness numeric
@attribute mfcc_sma_de[11]_posamean numeric
@attribute mfcc_sma_de[11]_rqmean numeric
@attribute mfcc_sma_de[11]_meanPeakDist numeric
@attribute mfcc_sma_de[11]_peakDistStddev numeric
@attribute mfcc_sma_de[11]_peakRangeAbs numeric
@attribute mfcc_sma_de[11]_peakRangeRel numeric
@attribute mfcc_sma_de[11]_peakMeanAbs numeric
@attribute mfcc_sma_de[11]_peakMeanMeanDist numeric
@attribute mfcc_sma_de[11]_peakMeanRel numeric
@attribute mfcc_sma_de[11]_minRangeRel numeric
@attribute mfcc_sma_de[11]_meanRisingSlope numeric
@attribute mfcc_sma_de[11]_stddevRisingSlope numeric
@attribute mfcc_sma_de[11]_meanFallingSlope numeric
@attribute mfcc_sma_de[11]_stddevFallingSlope numeric
@attribute mfcc_sma_de[12]_flatness numeric
@attribute mfcc_sma_de[12]_posamean numeric
@attribute mfcc_sma_de[12]_rqmean numeric
@attribute mfcc_sma_de[12]_meanPeakDist numeric
@attribute mfcc_sma_de[12]_peakDistStddev numeric
@attribute mfcc_sma_de[12]_peakRangeAbs numeric
@attribute mfcc_sma_de[12]_peakRangeRel numeric
@attribute mfcc_sma_de[12]_peakMeanAbs numeric
@attribute mfcc_sma_de[12]_peakMeanMeanDist numeric
@attribute mfcc_sma_de[12]_peakMeanRel numeric
@attribute mfcc_sma_de[12]_minRangeRel numeric
@attribute mfcc_sma_de[12]_meanRisingSlope numeric
@attribute mfcc_sma_de[12]_stddevRisingSlope numeric
@attribute mfcc_sma_de[12]_meanFallingSlope numeric
@attribute mfcc_sma_de[12]_stddevFallingSlope numeric
@attribute mfcc_sma_de[13]_flatness numeric
@attribute mfcc_sma_de[13]_posamean numeric
@attribute mfcc_sma_de[13]_rqmean numeric
@attribute mfcc_sma_de[13]_meanPeakDist numeric
@attribute mfcc_sma_de[13]_peakDistStddev numeric
@attribute mfcc_sma_de[13]_peakRangeAbs numeric
@attribute mfcc_sma_de[13]_peakRangeRel numeric
@attribute mfcc_sma_de[13]_peakMeanAbs numeric
@attribute mfcc_sma_de[13]_peakMeanMeanDist numeric
@attribute mfcc_sma_de[13]_peakMeanRel numeric
@attribute mfcc_sma_de[13]_minRangeRel numeric
@attribute mfcc_sma_de[13]_meanRisingSlope numeric
@attribute mfcc_sma_de[13]_stddevRisingSlope numeric
@attribute mfcc_sma_de[13]_meanFallingSlope numeric
@attribute mfcc_sma_de[13]_stddevFallingSlope numeric
@attribute mfcc_sma_de[14]_flatness numeric
@attribute mfcc_sma_de[14]_posamean numeric
@attribute mfcc_sma_de[14]_rqmean numeric
@attribute mfcc_sma_de[14]_meanPeakDist numeric
@attribute mfcc_sma_de[14]_peakDistStddev numeric
@attribute mfcc_sma_de[14]_peakRangeAbs numeric
@attribute mfcc_sma_de[14]_peakRangeRel numeric
@attribute mfcc_sma_de[14]_peakMeanAbs numeric
@attribute mfcc_sma_de[14]_peakMeanMeanDist numeric
@attribute mfcc_sma_de[14]_peakMeanRel numeric
@attribute mfcc_sma_de[14]_minRangeRel numeric
@attribute mfcc_sma_de[14]_meanRisingSlope numeric
@attribute mfcc_sma_de[14]_stddevRisingSlope numeric
@attribute mfcc_sma_de[14]_meanFallingSlope numeric
@attribute mfcc_sma_de[14]_stddevFallingSlope numeric
@attribute class numeric

@data

unknown,2.629323e+00,1.421744e-01,5.854241e-02,9.378603e-02,5.064256e-01,1.022175e+00,4.126396e-01,5.157498e-01,9.283894e-01,1.140620e-02,2.199442e+00,2.188036e+00,6.108483e-01,8.812795e-01,2.896635e+00,2.240000e-01,1.180000e+00,8.000000e-02,2.444609e-01,4.026284e-01,1.600956e-01,3.823178e-02,3.584229e-03,4.401914e-01,5.137724e-01,2.100753e-03,-2.404904e+00,2.048835e+00,-4.726351e-01,-3.412483e-01,1.763320e-01,2.667454e+01,3.130227e-01,9.426523e-01,6.696030e-01,1.149742e+00,1.806131e+00,4.801394e-01,6.563885e-01,1.136528e+00,6.973935e-02,1.886300e+01,1.879326e+01,2.929762e+00,5.633081e+00,4.041995e+01,1.176000e+00,3.140000e+00,1.100000e-01,1.105307e+00,3.225806e-02,1.553166e-02,9.557945e-03,4.778972e-03,4.138756e-01,5.676647e-01,3.292656e-02,-2.854163e+00,3.214013e+00,-1.639455e+00,2.200596e-01,7.271517e-02,8.239954e-02,1.409797e-01,5.854241e-02,9.177842e-04,1.655074e-02,3.332341e-02,1.563296e-02,1.677267e-02,3.240562e-02,1.810470e-04,7.077551e-02,7.059446e-02,2.012799e-02,8.210061e-01,2.786183e+00,2.291176e-01,1.180000e+00,8.000000e-02,2.325228e-01,4.408602e-01,1.756272e-01,4.898447e-02,7.168459e-03,4.485646e-01,5.197605e-01,1.590475e-06,-2.875804e+00,3.622861e+00,-2.616495e+00,1.129900e+00,-2.562728e-01,3.337963e-01,7.861410e-01,1.911589e-02,1.562500e-02,3.136574e-02,5.277778e-02,1.574074e-02,2.141204e-02,3.715278e-02,1.472222e-03,3.075694e-01,3.060972e-01,5.896810e-02,2.913331e+00,1.197153e+01,4.606250e-01,1.820000e+00,8.000000e-02,5.303120e-01,1.123059e-01,5.376344e-02,3.345281e-02,1.314217e-02,5.071771e-01,5.017964e-01,8.929829e-06,-2.550637e+00,2.153151e+00,-4.283662e-01,-2.502292e-01,8.344962e-02,7.924113e-01,1.373955e-01,3.488650e-01,-3.659818e-02,-4.116323e-04,2.319899e-02,3.618654e-02,2.361062e-02,5.979716e-02,-2.462677e-01,3.260624e-01,5.723301e-01,9.522476e-02,8.316678e-01,6.988020e+00,3.258333e-01,1.240000e+00,8.000000e-02,3.407580e-01,9.080048e-01,1.206691e-01,1.553166e-02,5.973716e-03,5.167464e-01,5.101796e-01,1.155424e-04,-2.867948e+00,3.742518e+00,-2.689023e+00,1.046739e+00,-1.554864e-01,9.436995e+00,3.106332e-01,3.166069e-01,-9.292157e-02,-1.593351e-02,3.488314e-02,7.698806e-02,5.081665e-02,1.278047e-01,-2.145084e+00,2.206141e+00,4.351225e+00,6.268653e-01,2.469162e+00,3.787254e+01,6.825000e-01,1.320000e+00,1.100000e-01,5.696655e-01,9.856631e-01,2.747909e-02,9.557945e-03,3.584229e-03,5.753589e-01,5.257485e-01,1.030846e-03,-3.591447e+00,5.848109e+00,-5.340870e+00,2.733010e+00,-6.240081e-01,2.896554e-02,1.373955e-01,7.694146e-01,-1.270009e-03,-2.777025e-05,5.778335e-04,1.242238e-03,6.056037e-04,1.847842e-03,-8.409313e-03,1.154458e-02,1.995390e-02,3.335478e-03,7.893542e-01,6.577322e+00,5.146667e-01,1.910000e+00,8.000000e-02,5.527973e-01,9.605735e-01,1.708483e-01,2.389486e-02,4.778972e-03,5.370814e-01,4.982036e-01,1.007423e-07,-3.133610e+00,4.605054e+00,-3.881493e+00,1.896962e+00,-4.311819e-01,1.063194e-01,7.813620e-01,7.897252e-01,-2.071759e-03,1.273148e-04,2.280093e-03,2.199074e-03,2.152778e-03,4.351852e-03,-4.390972e-02,4.194028e-02,8.585000e-02,1.121469e-02,-2.451399e-01,1.200339e+01,7.380000e-01,3.140000e+00,8.000000e-02,1.099052e+00,9.677419e-01,6.571087e-01,3.106332e-02,1.194743e-02,5.155503e-01,4.922156e-01,5.468992e-07,-2.859829e+00,3.268357e+00,-1.733801e+00,3.363460e-01,2.588647e-02,9.211693e-01,3.115339e-01,3.804994e-01,9.042054e-02,1.170579e-01,1.710059e-01,2.663740e-02,5.394798e-02,8.058538e-02,3.792727e-02,6.906998e-01,6.527725e-01,1.257072e-01,2.656262e+00,1.195617e+01,4.131579e-01,1.120000e+00,8.000000e-02,3.035068e-01,1.474435e-01,2.853746e-02,9.512485e-03,3.567182e-03,4.761905e-01,5.649583e-01,2.753910e-04,-2.112193e+00,1.371957e+00,5.854212e-02,-4.462869e-01,1.399580e-01,5.188531e+00,3.115339e-01,4.732461e-01,1.488715e-01,2.768784e-01,4.932577e-01,1.280070e-01,2.163793e-01,3.443862e-01,2.509737e-02,2.997823e+00,2.972726e+00,6.094330e-01,3.475624e+00,1.860908e+01,5.150000e-01,2.120000e+00,8.000000e-02,5.681769e-01,7.728894e-02,1.783591e-02,4.756243e-03,2.378121e-03,4.166667e-01,5.530393e-01,2.834837e-03,-2.534645e+00,2.411051e+00,-8.771758e-01,-1.211404e-01,1.381946e-01,1.034671e+01,3.115339e-01,9.381688e-01,2.300598e-01,4.425329e-01,8.193009e-01,2.124731e-01,3.767680e-01,5.892411e-01,2.573354e-02,6.621643e+00,6.595910e+00,1.198899e+00,4.118322e+00,2.335765e+01,7.637500e-01,3.060000e+00,9.999999e-02,9.538074e-01,5.350773e-02,2.140309e-02,4.756243e-03,2.378121e-03,3.952381e-01,6.066746e-01,1.136039e-02,-2.659964e+00,2.924532e+00,-1.668371e+00,4.371656e-01,-1.543704e-02,1.558190e+01,3.115339e-01,2.175981e-01,2.815724e-01,5.404443e-01,1.189793e+00,2.588719e-01,6.493484e-01,9.082204e-01,3.895871e-02,9.845138e+00,9.806179e+00,1.754715e+00,4.259080e+00,2.486178e+01,7.625000e-01,3.070000e+00,9.000000e-02,9.619219e-01,4.875148e-02,2.021403e-02,3.567182e-03,2.378121e-03,3.857143e-01,5.947556e-01,2.049960e-02,-2.769057e+00,3.162298e+00,-1.828031e+00,4.687737e-01,-1.727853e-02,2.465156e+01,1.391201e-01,8.394768e-01,3.307811e-01,6.546606e-01,1.333738e+00,3.238796e-01,6.790771e-01,1.002957e+00,5.547455e-02,1.405159e+01,1.399612e+01,2.414594e+00,5.453603e+00,4.049461e+01,1.220000e+00,3.370000e+00,9.999999e-02,1.196445e+00,2.853746e-02,1.189061e-02,4.756243e-03,2.378121e-03,4.226190e-01,5.709178e-01,3.098033e-02,-2.987193e+00,3.879838e+00,-2.829526e+00,1.185618e+00,-2.334851e-01,3.457206e+01,1.391201e-01,9.369798e-01,3.715784e-01,7.651858e-01,1.523397e+00,3.936075e-01,7.582108e-01,1.151818e+00,6.115975e-02,1.743419e+01,1.737303e+01,3.021653e+00,6.501667e+00,5.561806e+01,6.800000e-01,1.350000e+00,9.000000e-02,5.880901e-01,2.140309e-02,1.070155e-02,4.756243e-03,2.378121e-03,4.571429e-01,6.114422e-01,4.714831e-02,-3.080726e+00,4.258904e+00,-3.418063e+00,1.611299e+00,-3.572715e-01,3.320834e+01,1.414982e-01,9.369798e-01,4.437360e-01,7.905806e-01,1.732928e+00,3.468446e-01,9.423477e-01,1.289192e+00,7.082961e-02,2.030933e+01,2.023850e+01,3.252134e+00,6.330606e+00,4.940780e+01,6.850000e-01,1.340000e+00,1.100000e-01,5.777759e-01,2.615933e-02,1.307967e-02,5.945303e-03,2.378121e-03,4.642857e-01,5.733016e-01,3.781252e-02,-2.981421e+00,3.679149e+00,-2.313613e+00,6.866896e-01,-5.705560e-02,3.810075e+01,1.414982e-01,8.394768e-01,5.116220e-01,8.622048e-01,1.697827e+00,3.505828e-01,8.356219e-01,1.186205e+00,6.990774e-02,2.559443e+01,2.552452e+01,4.064497e+00,6.384264e+00,4.815959e+01,6.850000e-01,1.320000e+00,1.100000e-01,5.718610e-01,2.734840e-02,1.545779e-02,8.323424e-03,5.945303e-03,4.785714e-01,5.828367e-01,6.075756e-02,-3.002221e+00,3.803181e+00,-2.549912e+00,8.691688e-01,-1.042564e-01,4.327027e+01,3.115339e-01,9.405470e-01,5.481187e-01,9.583340e-01,1.860819e+00,4.102153e-01,9.024853e-01,1.312701e+00,5.507317e-02,2.586340e+01,2.580832e+01,4.102372e+00,6.177319e+00,4.826872e+01,6.825000e-01,1.320000e+00,9.999999e-02,5.743855e-01,2.615933e-02,1.307967e-02,4.756243e-03,2.378121e-03,4.380952e-01,5.733016e-01,5.279581e-02,-2.986765e+00,3.649365e+00,-2.231471e+00,6.211362e-01,-3.867353e-02,4.897364e+01,3.115339e-01,9.381688e-01,5.688701e-01,1.023134e+00,2.032277e+00,4.542640e-01,1.009143e+00,1.463407e+00,5.679438e-02,2.702368e+01,2.696688e+01,4.393573e+00,6.507599e+00,5.348942e+01,6.825000e-01,1.340000e+00,9.999999e-02,5.849091e-01,2.378121e-02,1.189061e-02,3.567182e-03,2.378121e-03,4.392857e-01,5.828367e-01,7.284214e-02,-3.024582e+00,3.855452e+00,-2.586987e+00,8.806177e-01,-1.092025e-01,6.903342e+01,3.115339e-01,8.382878e-01,5.984610e-01,1.073974e+00,2.141511e+00,4.755130e-01,1.067537e+00,1.543050e+00,6.126186e-02,3.843051e+01,3.836925e+01,6.064312e+00,7.156650e+00,6.181484e+01,6.825000e-01,1.350000e+00,9.000000e-02,5.902277e-01,2.140309e-02,1.189061e-02,4.756243e-03,2.378121e-03,4.595238e-01,5.733016e-01,1.639964e-01,-2.969274e+00,3.729507e+00,-2.490647e+00,8.642414e-01,-1.155766e-01,7.780003e+01,1.414982e-01,9.393579e-01,6.141307e-01,1.118111e+00,2.326629e+00,5.039805e-01,1.208518e+00,1.712498e+00,5.925467e-02,4.420317e+01,4.414392e+01,7.068151e+00,7.173048e+00,6.134383e+01,6.800000e-01,1.340000e+00,9.000000e-02,5.920726e-01,2.021403e-02,1.189061e-02,5.945303e-03,2.378121e-03,4.392857e-01,5.780692e-01,2.275245e-01,-3.136034e+00,4.323262e+00,-3.307459e+00,1.398018e+00,-2.606145e-01,5.656461e+01,1.414982e-01,9.393579e-01,6.832674e-01,1.175560e+00,2.399868e+00,4.922922e-01,1.224308e+00,1.716601e+00,5.726074e-02,2.454819e+01,2.449093e+01,4.732058e+00,6.914833e+00,6.348901e+01,8.766666e-01,1.340000e+00,9.000000e-02,5.591859e-01,1.783591e-02,8.323424e-03,4.756243e-03,2.378121e-03,4.642857e-01,5.947556e-01,8.118258e-02,-3.118848e+00,4.146976e+00,-2.934607e+00,1.086317e+00,-1.669677e-01,2.414322e+01,1.414982e-01,9.393579e-01,7.016581e-01,1.276718e+00,2.440837e+00,5.750600e-01,1.164119e+00,1.739179e+00,8.187062e-02,1.803265e+01,1.795078e+01,2.898994e+00,4.431606e+00,2.748514e+01,4.566667e-01,1.300000e+00,1.100000e-01,4.259368e-01,4.399524e-02,2.021403e-02,1.070155e-02,4.756243e-03,4.666667e-01,5.744935e-01,4.011714e-02,-2.700509e+00,2.753465e+00,-1.102262e+00,-7.389385e-02,1.360862e-01,2.790752e+01,3.115339e-01,9.369798e-01,8.086894e-01,1.323149e+00,2.445585e+00,5.144598e-01,1.122436e+00,1.636895e+00,9.234190e-02,1.770411e+01,1.761177e+01,2.936758e+00,4.507636e+00,2.921335e+01,7.425000e-01,3.120000e+00,8.000000e-02,9.825063e-01,5.112961e-02,1.426873e-02,3.567182e-03,2.378121e-03,4.785714e-01,5.852205e-01,4.830627e-02,-2.658521e+00,2.658510e+00,-9.974687e-01,-1.609391e-01,1.735172e-01,4.770742e+01,3.115339e-01,8.394768e-01,7.919796e-01,1.350296e+00,2.436219e+00,5.583165e-01,1.085922e+00,1.644239e+00,8.307356e-02,2.698594e+01,2.690287e+01,4.327984e+00,6.222437e+00,5.024156e+01,6.825000e-01,1.350000e+00,9.999999e-02,5.855926e-01,2.378121e-02,1.307967e-02,4.756243e-03,2.378121e-03,4.738095e-01,5.887962e-01,8.338465e-02,-2.882473e+00,3.360367e+00,-1.871952e+00,3.687511e-01,4.189847e-02,6.650249e+01,3.115339e-01,8.394768e-01,7.863243e-01,1.469872e+00,2.492802e+00,6.835482e-01,1.022930e+00,1.706478e+00,7.878065e-02,3.594575e+01,3.586697e+01,5.873681e+00,6.975350e+00,5.951821e+01,6.825000e-01,1.350000e+00,9.000000e-02,5.902277e-01,2.259215e-02,1.307967e-02,4.756243e-03,2.378121e-03,4.785714e-01,5.709178e-01,1.273787e-01,-3.081163e+00,4.041300e+00,-2.821802e+00,1.018787e+00,-1.416271e-01,5.189921e+01,3.115339e-01,8.382878e-01,8.396740e-01,1.448481e+00,2.462746e+00,6.088071e-01,1.014265e+00,1.623072e+00,1.002991e-01,3.064481e+01,3.054451e+01,4.990011e+00,6.126051e+00,4.700705e+01,1.176000e+00,3.140000e+00,9.999999e-02,1.111370e+00,3.091558e-02,1.307967e-02,5.945303e-03,2.378121e-03,4.702381e-01,5.792610e-01,1.099161e-01,-2.970936e+00,3.707210e+00,-2.413998e+00,7.764834e-01,-8.311269e-02,5.452026e+01,1.414982e-01,9.369798e-01,8.747683e-01,1.453789e+00,2.469101e+00,5.790210e-01,1.015312e+00,1.594333e+00,9.717902e-02,2.880799e+01,2.871081e+01,5.014247e+00,6.391139e+00,5.243428e+01,1.465000e+00,3.220000e+00,9.999999e-02,1.121617e+00,2.615933e-02,1.307967e-02,4.756243e-03,3.567182e-03,4.714286e-01,5.864124e-01,1.049236e-01,-2.814113e+00,3.001335e+00,-1.224103e+00,-1.261291e-01,1.803096e-01,3.941706e+01,1.414982e-01,9.369798e-01,7.642288e-01,1.375587e+00,2.558328e+00,6.113579e-01,1.182742e+00,1.794099e+00,1.041714e-01,2.226128e+01,2.215711e+01,4.020398e+00,5.045174e+00,3.515029e+01,1.430000e+00,3.230000e+00,1.200000e-01,1.004530e+00,3.567182e-02,1.545779e-02,4.756243e-03,2.378121e-03,4.595238e-01,5.709178e-01,8.472311e-02,-2.779108e+00,3.025271e+00,-1.428782e+00,9.053347e-02,1.077166e-01,1.682461e+01,1.414982e-01,2.175981e-01,7.660370e-01,1.254742e+00,2.492071e+00,4.887045e-01,1.237330e+00,1.726034e+00,1.123759e-01,1.147950e+01,1.136713e+01,2.312265e+00,2.726078e+00,1.206905e+01,7.150000e-01,3.110000e+00,9.000000e-02,8.798892e-01,1.010702e-01,3.329370e-02,7.134364e-03,2.378121e-03,4.916667e-01,5.387366e-01,3.332254e-02,-2.486700e+00,2.216417e+00,-5.479406e-01,-3.793998e-01,2.069067e-01,1.473143e+01,1.414982e-01,9.369798e-01,7.234076e-01,1.163057e+00,2.127748e+00,4.396499e-01,9.646906e-01,1.404341e+00,1.047729e-01,1.110054e+01,1.099576e+01,2.066327e+00,2.832844e+00,1.292790e+01,5.500000e-01,3.110000e+00,8.000000e-02,8.079318e-01,1.129608e-01,2.734840e-02,1.070155e-02,5.945303e-03,4.833333e-01,5.339690e-01,2.384175e-02,-2.449567e+00,2.118393e+00,-4.629596e-01,-4.286795e-01,2.322227e-01,1.455867e+01,1.426873e-01,2.175981e-01,6.323469e-01,9.688267e-01,1.939007e+00,3.364798e-01,9.701800e-01,1.306660e+00,9.412781e-02,1.094935e+01,1.085522e+01,1.987347e+00,3.150057e+00,1.524153e+01,5.107143e-01,2.640000e+00,8.000000e-02,6.745630e-01,1.046373e-01,2.972652e-02,1.070155e-02,3.567182e-03,4.523810e-01,5.506555e-01,1.674770e-02,-2.436054e+00,1.961883e+00,-1.986704e-01,-5.603986e-01,2.417097e-01,1.467506e+01,1.414982e-01,2.175981e-01,4.900900e-01,8.324862e-01,1.629974e+00,3.423961e-01,7.974882e-01,1.139884e+00,7.196727e-02,1.085392e+01,1.078196e+01,1.916197e+00,3.365911e+00,1.735761e+01,5.638462e-01,3.140000e+00,8.000000e-02,8.185591e-01,9.155767e-02,2.378121e-02,8.323424e-03,3.567182e-03,4.535714e-01,5.864124e-01,1.587339e-02,-2.533280e+00,2.214576e+00,-4.220100e-01,-4.855927e-01,2.361504e-01,9.357806e+00,7.051129e-01,2.175981e-01,4.001193e-01,6.931028e-01,1.332901e+00,2.929835e-01,6.397986e-01,9.327822e-01,6.096238e-02,7.272976e+00,7.212014e+00,1.380457e+00,2.804455e+00,1.272344e+01,4.341176e-01,2.670000e+00,8.000000e-02,6.206927e-01,1.307967e-01,3.210464e-02,1.189061e-02,7.134364e-03,4.678572e-01,5.673421e-01,1.112553e-02,-2.525535e+00,2.329524e+00,-7.368708e-01,-2.036302e-01,1.469265e-01,8.373308e+00,7.051129e-01,2.175981e-01,3.287083e-01,5.710602e-01,1.079941e+00,2.423519e-01,5.088807e-01,7.512326e-01,4.762825e-02,5.759655e+00,5.712027e+00,1.075845e+00,2.950742e+00,1.487936e+01,4.100000e-01,1.350000e+00,8.000000e-02,4.216502e-01,1.212842e-01,1.664685e-02,8.323424e-03,3.567182e-03,4.654762e-01,5.697259e-01,7.562024e-03,-2.497918e+00,2.263161e+00,-6.673381e-01,-2.451018e-01,1.581773e-01,2.348182e+00,4.280618e-01,5.945303e-02,1.037086e-05,2.145343e-02,1.625260e-01,2.144306e-02,1.410725e-01,1.625156e-01,1.971265e-08,1.372021e+00,1.372021e+00,2.936751e-01,3.315119e+00,1.621205e+01,5.358333e-01,1.850000e+00,8.000000e-02,6.264910e-01,7.491082e-02,2.734840e-02,3.567182e-03,1.189061e-03,4.333333e-01,6.150179e-01,2.806634e-03,-2.114136e+00,1.770836e+00,-6.295131e-01,-3.797218e-02,4.469511e-02,1.861027e+00,1.403092e-01,6.183115e-02,2.821563e-05,2.985649e-03,5.388214e-02,2.957433e-03,5.089649e-02,5.385392e-02,2.216909e-08,1.145984e+00,1.145984e+00,2.383207e-01,3.653049e+00,1.849067e+01,8.588889e-01,3.300000e+00,9.000000e-02,9.659588e-01,7.134364e-02,2.497027e-02,4.756243e-03,2.378121e-03,4.630952e-01,5.911800e-01,1.058401e-03,-2.092610e+00,1.429800e+00,3.566056e-02,-5.845670e-01,2.404083e-01,6.234375e+03,7.847800e-01,0.000000e+00,9.375000e+01,2.343750e+02,4.375000e+02,1.406250e+02,2.031250e+02,3.437500e+02,4.687500e+01,6.003125e+03,5.956250e+03,1.165890e+03,3.815326e+00,1.696682e+01,7.380000e-01,3.180000e+00,8.000000e-02,1.109710e+00,6.183115e-02,4.994055e-02,3.804994e-02,3.210464e-02,2.321429e-01,2.646007e-01,5.297654e+04,-1.758549e+00,7.691570e-01,4.909175e-01,-7.690947e-01,3.274929e-01,7.968750e+03,7.835910e-01,0.000000e+00,1.406250e+02,3.281250e+02,8.906250e+02,1.875000e+02,5.625000e+02,7.500000e+02,4.687500e+01,7.118750e+03,7.071875e+03,1.400993e+03,3.455583e+00,1.481744e+01,7.380000e-01,3.170000e+00,8.000000e-02,1.111763e+00,6.420927e-02,5.231867e-02,4.042806e-02,5.945303e-03,2.750000e-01,2.943981e-01,7.601052e+04,-1.775729e+00,8.249000e-01,4.208798e-01,-7.349961e-01,3.170855e-01,1.029688e+04,7.835910e-01,0.000000e+00,1.875000e+02,5.000000e+02,1.406250e+03,3.125000e+02,9.062500e+02,1.218750e+03,4.687500e+01,8.740625e+03,8.693750e+03,1.773241e+03,3.175714e+00,1.331097e+01,6.709091e-01,3.180000e+00,8.000000e-02,9.577288e-01,6.896552e-02,5.112961e-02,2.734840e-02,7.134364e-03,3.261905e-01,3.551847e-01,1.133598e+05,-1.777545e+00,7.676312e-01,5.713054e-01,-8.860956e-01,3.711060e-01,1.156250e+04,7.824019e-01,0.000000e+00,3.281250e+02,1.031250e+03,1.921875e+03,7.031250e+02,8.906250e+02,1.593750e+03,4.687500e+01,1.069062e+04,1.064375e+04,2.192855e+03,2.630864e+00,1.024632e+01,3.690000e-01,1.860000e+00,8.000000e-02,4.092786e-01,1.379310e-01,5.469679e-02,4.042806e-02,1.545779e-02,3.952381e-01,4.112038e-01,2.223064e+05,-1.689056e+00,6.358126e-01,5.839192e-01,-8.059072e-01,3.178990e-01,8.284039e-01,1.486326e-01,0.000000e+00,7.500777e-03,1.140185e-01,2.396120e-01,1.065177e-01,1.255935e-01,2.321112e-01,1.255717e-03,6.939682e-01,6.927125e-01,1.623300e-01,1.315355e+00,4.749762e+00,2.166667e-01,1.180000e+00,8.000000e-02,2.388514e-01,3.020214e-01,7.609988e-02,1.783591e-02,8.323424e-03,4.714286e-01,5.268176e-01,1.493217e-03,-1.574763e+00,5.674116e-01,5.730095e-01,-8.167675e-01,2.756674e-01,8.275999e+03,7.835910e-01,6.813318e-01,2.834969e+02,5.349914e+02,1.099855e+03,2.514945e+02,5.648635e+02,8.163580e+02,5.735858e+01,7.589765e+03,7.532406e+03,1.474171e+03,3.359046e+00,1.426778e+01,6.709091e-01,3.170000e+00,8.000000e-02,9.553719e-01,6.658740e-02,4.994055e-02,3.923900e-02,1.189061e-02,4.738095e-01,5.101311e-01,5.249105e+04,-1.991737e+00,1.201424e+00,2.281501e-01,-7.357224e-01,3.365368e-01,7.048336e+00,7.158145e-01,1.545779e-02,1.810191e+00,2.756714e+00,3.917119e+00,9.465233e-01,1.160405e+00,2.106928e+00,2.208715e-01,6.670306e+00,6.449435e+00,1.552176e+00,3.111799e-01,2.664931e+00,2.396969e-01,8.000000e-01,8.000000e-02,1.761797e-01,7.384067e-01,3.317479e-01,6.064209e-02,2.378121e-02,5.023810e-01,4.862932e-01,8.820121e-02,-1.701217e+00,6.822389e-01,4.855883e-01,-7.580266e-01,3.013568e-01,1.401376e+07,4.815696e-01,3.971463e-01,2.673378e+05,6.424351e+05,1.897400e+06,3.750973e+05,1.254965e+06,1.630063e+06,4.106101e+04,8.615889e+06,8.574828e+06,1.892693e+06,2.323093e+00,9.643025e+00,3.514286e-01,7.800000e-01,9.000000e-02,2.323439e-01,1.284185e-01,2.021403e-02,3.567182e-03,1.189061e-03,4.952381e-01,5.375447e-01,5.887436e+11,-1.358417e+00,3.582460e-01,5.207426e-01,-6.428699e-01,1.989714e-01,1.098330e+02,3.971463e-01,7.824019e-01,4.253062e+00,7.439299e+00,1.681995e+01,3.186237e+00,9.380650e+00,1.256689e+01,8.925134e-01,6.059510e+01,5.970259e+01,1.383398e+01,2.277362e+00,9.706816e+00,4.200000e-01,1.910000e+00,8.000000e-02,4.701489e-01,1.224732e-01,2.378121e-02,2.378121e-03,1.189061e-03,5.071428e-01,5.399285e-01,2.387485e+01,-1.452605e+00,5.335787e-01,2.498445e-01,-3.771630e-01,9.565077e-02,2.162599e+04,3.971463e-01,7.835910e-01,3.923398e+01,1.122084e+02,4.735787e+02,7.297446e+01,3.613703e+02,4.343447e+02,6.166296e+00,4.845882e+03,4.839715e+03,1.399162e+03,8.099236e+00,9.851663e+01,2.885000e+00,3.360000e+00,2.410000e+00,4.750000e-01,7.134364e-03,4.756243e-03,2.378121e-03,1.189061e-03,5.250000e-01,5.482718e-01,3.030870e+05,-1.466700e+00,5.659137e-01,4.786729e-01,-7.049490e-01,2.720415e-01,3.233186e-01,9.821641e-01,4.280618e-01,-5.209112e-02,-1.207282e-02,-2.659663e-05,4.001830e-02,1.204622e-02,5.206453e-02,-2.287045e-01,-8.856916e-07,2.287037e-01,5.617946e-02,-2.106819e+00,7.578533e+00,3.685714e-01,1.640000e+00,9.000000e-02,4.255337e-01,9.916766e-01,9.429251e-01,8.323424e-01,6.587396e-01,5.511905e-01,4.553039e-01,6.253873e-05,-2.165083e+00,1.763103e+00,-5.098493e-01,-1.544420e-01,8.570682e-02,5.931288e+00,7.835910e-01,6.813318e-01,2.666935e-01,5.089614e-01,8.840013e-01,2.422679e-01,3.750398e-01,6.173078e-01,4.992682e-02,5.350867e+00,5.300941e+00,1.027924e+00,3.265313e+00,1.393255e+01,6.709091e-01,3.170000e+00,8.000000e-02,9.555432e-01,6.658740e-02,4.994055e-02,3.804994e-02,1.070155e-02,4.761905e-01,5.053635e-01,2.541852e-02,-1.994779e+00,1.202100e+00,2.291860e-01,-7.351975e-01,3.331602e-01,1.658207e+00,4.280618e-01,5.707491e-02,4.663427e-05,3.907078e-02,2.049668e-01,3.902415e-02,1.658960e-01,2.049202e-01,2.677603e-08,1.164175e+00,1.164175e+00,2.684098e-01,2.457529e+00,9.561130e+00,4.831250e-01,1.890000e+00,9.000000e-02,5.324908e-01,1.367420e-01,4.875148e-02,8.323424e-03,3.567182e-03,4.559524e-01,5.613826e-01,1.667477e-03,-1.993978e+00,1.269665e+00,1.139618e-01,-5.855340e-01,2.191920e-01,8.896458e+01,1.331748e-01,7.110583e-01,9.874424e+00,1.515059e+01,2.353418e+01,5.276165e+00,8.383591e+00,1.365976e+01,-3.889362e+01,3.858458e+01,7.747820e+01,1.439729e+01,-1.395877e+00,6.458627e+00,2.675000e-01,1.080000e+00,8.000000e-02,2.170685e-01,9.667063e-01,9.036861e-01,3.246135e-01,6.064209e-02,4.964286e-01,5.184744e-01,5.057481e+00,-1.921643e+00,1.137420e+00,2.485666e-02,-4.120157e-01,1.929505e-01,8.138300e+01,7.800238e-01,1.426873e-01,-7.325264e+00,5.188901e+00,1.483994e+01,1.251417e+01,9.651035e+00,2.216520e+01,-3.442876e+01,3.602654e+01,7.045530e+01,1.615852e+01,-3.099737e-01,2.676204e+00,3.156000e-01,1.840000e+00,8.000000e-02,3.934573e-01,8.703924e-01,5.219976e-01,7.847800e-02,8.323424e-03,5.035715e-01,5.137068e-01,6.262389e+00,-1.736686e+00,7.063580e-01,4.750524e-01,-6.711054e-01,2.641201e-01,9.908527e+01,6.932223e-01,1.724138e-01,-4.687443e+00,9.175632e+00,1.706522e+01,1.386308e+01,7.889589e+00,2.175266e+01,-3.944137e+01,4.116957e+01,8.061094e+01,1.736200e+01,-5.181260e-01,3.139268e+00,4.288889e-01,1.830000e+00,9.999999e-02,4.604333e-01,8.751487e-01,5.350773e-01,3.329370e-02,7.134364e-03,4.869048e-01,5.065554e-01,7.997663e+00,-1.674418e+00,6.114838e-01,4.925225e-01,-6.109843e-01,2.133374e-01,9.814755e+01,6.444709e-01,4.875149e-01,-4.690530e+00,1.210208e+01,2.069611e+01,1.679261e+01,8.594028e+00,2.538664e+01,-4.735606e+01,3.963015e+01,8.698621e+01,1.964768e+01,-7.622292e-01,2.959334e+00,2.048780e-01,6.400000e-01,8.000000e-02,1.493747e-01,9.488704e-01,7.621879e-01,3.674197e-01,5.469679e-02,4.809524e-01,5.065554e-01,9.212709e+00,-1.734871e+00,6.898631e-01,4.856306e-01,-6.115924e-01,2.001694e-01,9.684426e+01,4.649227e-01,5.980975e-01,-1.387104e+01,2.521388e-01,1.305927e+01,1.412318e+01,1.280713e+01,2.693032e+01,-4.488612e+01,3.041802e+01,7.530415e+01,1.843438e+01,-4.537208e-01,2.592071e+00,3.114815e-01,2.020000e+00,8.000000e-02,3.846855e-01,9.108204e-01,5.957194e-01,1.177170e-01,5.945303e-03,5.130953e-01,5.101311e-01,1.141820e+01,-1.659949e+00,6.784108e-01,4.317247e-01,-6.824307e-01,2.723540e-01,8.900777e+01,4.815696e-01,8.846611e-01,-7.729863e+00,7.206680e+00,1.898685e+01,1.493654e+01,1.178017e+01,2.671671e+01,-3.812741e+01,3.945609e+01,7.758350e+01,1.888718e+01,-4.394664e-01,2.466263e+00,2.213158e-01,6.800000e-01,8.000000e-02,1.537971e-01,8.989298e-01,6.599287e-01,1.926278e-01,3.686088e-02,4.952381e-01,4.791418e-01,1.184349e+01,-1.608198e+00,5.883084e-01,5.130302e-01,-7.213269e-01,2.594664e-01,9.514328e+01,2.199762e-01,5.695601e-01,-2.648927e+01,-6.886240e+00,1.054476e+01,1.960303e+01,1.743100e+01,3.703403e+01,-5.620720e+01,2.479924e+01,8.100644e+01,2.154495e+01,-1.911509e-01,1.993517e+00,2.613333e-01,7.000000e-01,8.000000e-02,1.702103e-01,9.417360e-01,6.123663e-01,2.984542e-01,8.442330e-02,5.047619e-01,4.958284e-01,1.475667e+01,-1.719845e+00,7.399660e-01,4.489578e-01,-6.605682e-01,2.226342e-01,1.312856e+02,3.008323e-01,5.612366e-01,-3.233311e+01,-1.559133e+01,5.062127e+00,1.674178e+01,2.065346e+01,3.739524e+01,-8.371755e+01,2.778844e+01,1.115060e+02,2.569414e+01,-3.980065e-01,2.775018e+00,3.714285e-01,9.400000e-01,8.000000e-02,2.591062e-01,9.643282e-01,7.538645e-01,2.889417e-01,6.064209e-02,5.226191e-01,4.934446e-01,1.708523e+01,-1.733108e+00,7.322703e-01,4.685350e-01,-6.529456e-01,2.055342e-01,1.060610e+02,8.287753e-01,5.326992e-01,-1.153471e+01,6.237252e-01,1.334462e+01,1.215844e+01,1.272090e+01,2.487934e+01,-5.065375e+01,3.143130e+01,8.208505e+01,1.789909e+01,-6.741878e-01,3.371892e+00,3.230769e-01,1.170000e+00,8.000000e-02,3.081679e-01,9.441141e-01,6.813318e-01,9.988109e-02,5.945303e-03,5.166667e-01,5.208582e-01,1.344100e+01,-1.567398e+00,5.092873e-01,5.575929e-01,-7.192338e-01,2.644473e-01,6.698763e+01,1.177170e-01,4.542212e-01,-1.410662e+01,-5.099675e+00,8.478818e+00,9.006948e+00,1.357849e+01,2.258544e+01,-3.526038e+01,2.061899e+01,5.587937e+01,1.437642e+01,-1.492655e-01,2.186080e+00,2.330555e-01,1.060000e+00,8.000000e-02,1.839357e-01,8.894174e-01,5.469679e-01,2.116528e-01,1.902497e-02,5.214286e-01,5.053635e-01,1.108198e+01,-1.553703e+00,5.324670e-01,4.979130e-01,-6.748567e-01,2.489606e-01,8.169585e+01,6.932223e-01,8.941736e-01,-9.546369e+00,4.336735e+00,1.194068e+01,1.388310e+01,7.603944e+00,2.148705e+01,-3.792531e+01,3.326604e+01,7.119136e+01,1.521665e+01,-5.438492e-01,2.920853e+00,3.250000e-01,8.700000e-01,8.000000e-02,2.277426e-01,9.155767e-01,6.242568e-01,5.945303e-02,1.307967e-02,5.023810e-01,4.922527e-01,1.240804e+01,-1.555895e+00,5.346557e-01,5.266686e-01,-6.987687e-01,2.461943e-01,8.084590e+01,2.722949e-01,5.862069e-01,-1.513685e+01,-2.733267e+00,7.528420e+00,1.240358e+01,1.026169e+01,2.266527e+01,-4.186266e+01,2.697190e+01,6.883456e+01,1.538148e+01,-2.912957e-01,2.635948e+00,3.211538e-01,1.180000e+00,9.000000e-02,2.464880e-01,9.227111e-01,5.552913e-01,9.988109e-02,1.189061e-02,5.095238e-01,5.113230e-01,1.058807e+01,-1.584250e+00,5.291444e-01,6.143270e-01,-8.236144e-01,3.087372e-01,7.547988e+01,8.787158e-01,5.029727e-01,-1.141650e+00,6.417444e+00,1.264965e+01,7.559094e+00,6.232210e+00,1.379130e+01,-3.124049e+01,3.092907e+01,6.216956e+01,1.166488e+01,-5.596141e-01,4.149434e+00,3.738095e-01,1.010000e+00,8.000000e-02,2.988625e-01,9.619501e-01,7.360286e-01,1.046373e-01,1.426873e-02,4.904762e-01,5.065554e-01,8.005178e+00,-1.576586e+00,5.255886e-01,5.627076e-01,-7.105996e-01,2.512915e-01,6.713205e+01,5.707491e-01,3.590963e-01,-1.308033e+01,-5.103274e+00,3.241993e+00,7.977055e+00,8.345266e+00,1.632232e+01,-2.849772e+01,2.198458e+01,5.048230e+01,1.103357e+01,7.751096e-02,2.826991e+00,3.287500e-01,2.210000e+00,8.000000e-02,4.461438e-01,8.561237e-01,3.436385e-01,2.853746e-02,3.567182e-03,5.047619e-01,4.851013e-01,7.103617e+00,-1.583301e+00,5.170459e-01,6.149903e-01,-7.424413e-01,2.431478e-01,3.122011e-01,3.091558e-01,7.027348e-01,-8.251457e-03,-3.640249e-04,7.125647e-03,7.887431e-03,7.489672e-03,1.537710e-02,-7.417631e-02,1.012532e-01,1.754296e-01,2.729470e-02,1.410178e+00,1.360942e+01,4.900000e-01,8.400000e-01,8.000000e-02,2.550245e-01,9.250892e-01,4.280618e-02,5.945303e-03,2.378121e-03,5.642857e-01,5.017878e-01,6.190727e-06,-3.096916e+00,4.359490e+00,-3.390605e+00,1.431267e+00,-2.455287e-01,1.819078e+00,3.091558e-01,3.151011e-01,-3.000646e-02,-3.835975e-03,9.711486e-03,2.617049e-02,1.354746e-02,3.971795e-02,-3.587489e-01,5.022592e-01,8.610080e-01,1.295295e-01,2.632796e+00,2.608300e+01,6.260000e-01,3.140000e+00,8.000000e-02,8.761643e-01,9.512485e-01,2.615933e-02,3.567182e-03,2.378121e-03,5.511905e-01,4.994040e-01,1.282280e-04,-3.134594e+00,4.487949e+00,-3.606421e+00,1.611092e+00,-3.055307e-01,3.404663e+00,3.091558e-01,3.139120e-01,-4.470366e-02,-7.505119e-03,1.229716e-02,3.719854e-02,1.980228e-02,5.700082e-02,-7.511951e-01,1.226059e+00,1.977255e+00,2.567903e-01,3.154148e+00,2.900432e+01,3.476191e-01,1.320000e+00,8.000000e-02,3.300058e-01,8.870392e-01,1.902497e-02,3.567182e-03,2.378121e-03,5.952381e-01,5.089392e-01,5.712531e-04,-3.150778e+00,4.622472e+00,-3.890032e+00,1.868453e+00,-3.979295e-01,5.491143e+00,3.091558e-01,3.139120e-01,-6.810808e-02,-1.177555e-02,1.805323e-02,5.633254e-02,2.982878e-02,8.616131e-02,-1.245003e+00,1.880887e+00,3.125890e+00,3.940942e-01,2.961393e+00,2.880050e+01,1.021667e+00,3.170000e+00,9.999999e-02,1.084780e+00,9.667063e-01,2.497027e-02,7.134364e-03,2.378121e-03,6.000000e-01,5.232419e-01,1.064267e-03,-3.241616e+00,4.859701e+00,-4.135013e+00,1.993928e+00,-4.273561e-01,8.746017e+00,1.355529e-01,1.414982e-01,-7.423177e-02,-1.270129e-02,2.513127e-02,6.153047e-02,3.783257e-02,9.936304e-02,-1.640331e+00,2.503810e+00,4.144141e+00,5.699126e-01,1.326217e+00,3.103837e+01,1.522500e+00,3.470000e+00,1.100000e-01,1.219946e+00,9.928656e-01,6.587396e-01,1.307967e-02,7.134364e-03,5.857143e-01,5.148987e-01,1.505293e-03,-3.406124e+00,5.374668e+00,-4.855402e+00,2.514940e+00,-5.929833e-01,1.240101e+01,1.367420e-01,1.426873e-01,-9.513420e-02,-7.257455e-03,3.698815e-02,8.787674e-02,4.424560e-02,1.321223e-01,-1.765585e+00,2.583760e+00,4.349344e+00,6.989515e-01,2.157209e+00,4.389880e+01,8.766666e-01,1.360000e+00,9.999999e-02,5.546370e-01,9.916766e-01,4.280618e-02,7.134364e-03,2.378121e-03,6.023809e-01,5.053635e-01,2.442803e-03,-3.412810e+00,5.451254e+00,-5.024465e+00,2.673268e+00,-6.546197e-01,1.163626e+01,1.379310e-01,1.438763e-01,-8.627410e-02,-4.710436e-03,3.666881e-02,8.156367e-02,4.137924e-02,1.229429e-01,-2.113751e+00,2.702222e+00,4.815973e+00,7.048954e-01,1.923105e+00,4.113526e+01,6.750000e-01,1.340000e+00,8.000000e-02,5.877712e-01,9.928656e-01,9.988109e-02,9.512485e-03,5.945303e-03,5.880952e-01,5.160906e-01,1.309823e-03,-3.598854e+00,5.907375e+00,-5.472732e+00,2.861168e+00,-6.737983e-01,1.357534e+01,3.091558e-01,1.450654e-01,-8.726448e-02,-5.272693e-03,6.386451e-02,8.199178e-02,6.913721e-02,1.511290e-01,-3.087478e+00,3.527480e+00,6.614958e+00,8.817170e-01,2.581034e+00,4.002852e+01,6.900000e-01,1.290000e+00,1.400000e-01,5.511352e-01,9.785969e-01,1.426873e-02,8.323424e-03,2.378121e-03,5.726190e-01,4.946365e-01,2.906748e-03,-3.476243e+00,5.530837e+00,-4.984319e+00,2.536529e+00,-5.759522e-01,1.545169e+01,3.091558e-01,3.151011e-01,-1.051070e-01,-1.175712e-02,5.336550e-02,9.334993e-02,6.512262e-02,1.584725e-01,-2.875201e+00,3.427133e+00,6.302334e+00,8.849432e-01,2.803451e+00,4.616226e+01,9.166666e-01,1.380000e+00,1.300000e-01,5.591859e-01,9.869204e-01,1.783591e-02,4.756243e-03,2.378121e-03,5.726190e-01,4.910608e-01,2.497933e-03,-3.498585e+00,5.547479e+00,-4.935998e+00,2.464666e+00,-5.482540e-01,1.792242e+01,3.091558e-01,3.139120e-01,-1.064735e-01,-1.478573e-02,5.145586e-02,9.168781e-02,6.624158e-02,1.579294e-01,-3.129247e+00,3.473551e+00,6.602798e+00,9.888005e-01,2.858288e+00,5.064330e+01,9.100000e-01,1.370000e+00,1.100000e-01,5.678028e-01,9.881094e-01,1.783591e-02,4.756243e-03,2.378121e-03,5.773810e-01,5.113230e-01,3.633394e-03,-3.475268e+00,5.526275e+00,-4.964698e+00,2.515587e+00,-5.689237e-01,2.601373e+01,3.091558e-01,3.151011e-01,-1.136761e-01,-1.077577e-02,5.786264e-02,1.029003e-01,6.863841e-02,1.715387e-01,-4.575817e+00,4.645348e+00,9.221165e+00,1.401121e+00,2.961177e+00,5.466413e+01,9.133334e-01,1.370000e+00,1.200000e-01,5.631065e-01,9.857312e-01,1.426873e-02,7.134364e-03,2.378121e-03,5.773810e-01,4.994040e-01,9.373348e-03,-3.365024e+00,5.197613e+00,-4.545325e+00,2.247451e+00,-4.939116e-01,3.254933e+01,1.379310e-01,1.438763e-01,-1.250366e-01,-1.195713e-02,5.922319e-02,1.130794e-01,7.118032e-02,1.842598e-01,-4.553116e+00,6.972811e+00,1.152593e+01,1.747237e+00,2.815345e+00,5.409242e+01,6.775000e-01,1.350000e+00,8.000000e-02,5.952048e-01,9.904875e-01,1.783591e-02,5.945303e-03,2.378121e-03,5.678571e-01,4.934446e-01,1.384211e-02,-3.440171e+00,5.476228e+00,-4.944487e+00,2.530864e+00,-5.850310e-01,2.224336e+01,1.391201e-01,1.450654e-01,-1.381070e-01,-1.175590e-02,7.264874e-02,1.263511e-01,8.440464e-02,2.107558e-01,-2.551459e+00,3.115773e+00,5.667232e+00,1.120865e+00,2.574385e+00,5.988773e+01,6.450000e-01,1.190000e+00,9.999999e-02,5.450000e-01,9.928656e-01,2.615933e-02,4.756243e-03,2.378121e-03,5.785714e-01,5.172825e-01,3.783594e-03,-3.559306e+00,5.792613e+00,-5.301493e+00,2.731546e+00,-6.352956e-01,8.210555e+00,3.091558e-01,3.139120e-01,-1.321249e-01,-9.080768e-03,8.967405e-02,1.230441e-01,9.875482e-02,2.217989e-01,-1.916527e+00,2.576147e+00,4.492674e+00,6.115202e-01,2.436412e+00,2.881808e+01,6.850000e-01,1.310000e+00,1.200000e-01,5.665907e-01,9.845422e-01,2.972652e-02,8.323424e-03,4.756243e-03,5.690476e-01,5.065554e-01,1.221056e-03,-3.499861e+00,5.564488e+00,-4.974505e+00,2.497393e+00,-5.576637e-01,1.010997e+01,3.091558e-01,3.139120e-01,-1.296999e-01,-9.445476e-03,9.308608e-02,1.202544e-01,1.025316e-01,2.227859e-01,-1.902771e+00,2.151129e+00,4.053901e+00,6.324197e-01,2.187651e+00,3.161259e+01,9.100000e-01,1.370000e+00,1.100000e-01,5.678028e-01,9.869204e-01,3.567182e-02,7.134364e-03,2.378121e-03,5.845238e-01,4.946365e-01,1.731037e-03,-3.398636e+00,5.257892e+00,-4.566058e+00,2.215170e+00,-4.717174e-01,1.826804e+01,3.091558e-01,3.151011e-01,-1.359244e-01,-1.292934e-02,1.092788e-01,1.229951e-01,1.222082e-01,2.452033e-01,-2.982320e+00,3.043651e+00,6.025971e+00,9.813607e-01,2.550587e+00,4.987220e+01,9.100000e-01,1.370000e+00,1.100000e-01,5.678028e-01,9.892985e-01,2.140309e-02,4.756243e-03,2.378121e-03,5.773810e-01,4.886770e-01,3.377323e-03,-3.499764e+00,5.585142e+00,-5.012980e+00,2.524193e+00,-5.649254e-01,2.621055e+01,3.091558e-01,3.151011e-01,-1.359762e-01,-9.483981e-03,8.871879e-02,1.264922e-01,9.820276e-02,2.246950e-01,-4.391324e+00,4.325562e+00,8.716886e+00,1.354546e+00,2.564076e+00,5.581585e+01,9.066666e-01,1.380000e+00,9.000000e-02,5.799041e-01,9.892985e-01,1.545779e-02,3.567182e-03,2.378121e-03,5.571429e-01,4.898689e-01,6.531377e-03,-3.503160e+00,5.610825e+00,-5.063077e+00,2.569078e+00,-5.817875e-01,1.967937e+01,3.091558e-01,3.151011e-01,-1.170249e-01,-7.962286e-03,1.005314e-01,1.090626e-01,1.084937e-01,2.175563e-01,-3.620815e+00,3.569074e+00,7.189888e+00,1.135333e+00,2.718791e+00,4.536274e+01,9.166666e-01,1.380000e+00,1.200000e-01,5.658229e-01,9.845422e-01,1.783591e-02,4.756243e-03,2.378121e-03,5.750000e-01,4.922527e-01,4.642264e-03,-3.503903e+00,5.625618e+00,-5.103642e+00,2.612465e+00,-5.996010e-01,2.108086e+01,1.379310e-01,1.438763e-01,-1.235456e-01,-9.063363e-03,8.193879e-02,1.144822e-01,9.100215e-02,2.054844e-01,-4.064270e+00,4.285587e+00,8.349857e+00,1.208934e+00,1.788319e+00,4.235133e+01,1.966667e+00,4.600000e+00,1.100000e-01,1.913536e+00,9.892985e-01,2.615933e-02,4.756243e-03,3.567182e-03,5.857143e-01,4.994040e-01,4.869651e-03,-3.420613e+00,5.238672e+00,-4.399936e+00,2.016355e+00,-3.938437e-01,1.433483e+01,1.379310e-01,1.438763e-01,-1.359548e-01,-9.623086e-03,9.304027e-02,1.263318e-01,1.026634e-01,2.289951e-01,-3.080836e+00,3.915202e+00,6.996037e+00,9.166625e-01,2.423414e+00,3.241961e+01,1.438000e+00,3.230000e+00,1.200000e-01,1.003781e+00,9.762188e-01,2.259215e-02,3.567182e-03,2.378121e-03,5.809524e-01,5.005959e-01,3.469763e-03,-3.419727e+00,5.327706e+00,-4.643932e+00,2.259299e+00,-4.841160e-01,5.523726e+00,1.391201e-01,1.438763e-01,-1.034788e-01,-9.274602e-04,7.783281e-02,1.025514e-01,7.876027e-02,1.813116e-01,-1.329014e+00,1.704488e+00,3.033502e+00,4.219259e-01,1.488439e+00,1.830171e+01,1.196667e+00,3.300000e+00,9.000000e-02,1.070540e+00,9.762188e-01,4.518430e-02,5.945303e-03,2.378121e-03,5.392857e-01,4.958284e-01,8.994438e-04,-3.392116e+00,5.302442e+00,-4.698599e+00,2.360267e+00,-5.373255e-01,4.051316e+00,1.379310e-01,7.074911e-01,-1.040836e-01,-4.284859e-03,6.301771e-02,9.979872e-02,6.730257e-02,1.671013e-01,-1.027305e+00,1.406815e+00,2.434120e+00,3.478232e-01,1.695942e+00,1.651339e+01,6.527272e-01,2.690000e+00,8.000000e-02,7.414248e-01,9.429251e-01,3.686088e-02,5.945303e-03,2.378121e-03,5.452381e-01,5.029798e-01,5.875144e-04,-3.407055e+00,5.332623e+00,-4.737503e+00,2.382854e+00,-5.434780e-01,3.641712e+00,1.379310e-01,1.462545e-01,-9.389238e-02,-9.575772e-03,5.149950e-02,8.431661e-02,6.107527e-02,1.453919e-01,-8.929564e-01,1.357358e+00,2.250314e+00,3.238372e-01,1.735218e+00,1.596408e+01,7.369999e-01,2.580000e+00,1.300000e-01,7.525828e-01,9.488704e-01,4.399524e-02,9.512485e-03,3.567182e-03,5.607143e-01,5.065554e-01,4.493305e-04,-3.355670e+00,5.053889e+00,-4.228870e+00,1.960047e+00,-4.009212e-01,4.397807e+00,1.379310e-01,1.450654e-01,-7.645833e-02,-6.224072e-03,5.476638e-02,7.023426e-02,6.099045e-02,1.312247e-01,-1.072000e+00,1.199927e+00,2.271927e+00,3.440753e-01,1.667888e+00,1.882596e+01,9.212500e-01,3.310000e+00,1.200000e-01,1.014044e+00,9.560047e-01,3.804994e-02,4.756243e-03,2.378121e-03,5.690476e-01,5.053635e-01,5.672112e-04,-3.296746e+00,4.871763e+00,-3.979150e+00,1.788928e+00,-3.491481e-01,2.869244e+00,1.379310e-01,1.438763e-01,-7.014190e-02,-4.944870e-03,3.697168e-02,6.519703e-02,4.191655e-02,1.071136e-01,-7.717001e-01,9.407167e-01,1.712417e+00,2.585207e-01,8.491871e-01,1.168338e+01,9.212500e-01,3.160000e+00,8.000000e-02,9.960979e-01,9.785969e-01,1.355529e-01,1.307967e-02,3.567182e-03,5.738095e-01,5.029798e-01,3.702089e-04,-3.308514e+00,5.011634e+00,-4.302925e+00,2.098176e+00,-4.627944e-01,2.201697e+00,7.027348e-01,1.450654e-01,-5.273535e-02,-2.840633e-03,3.107657e-02,4.989472e-02,3.391721e-02,8.381192e-02,-6.564257e-01,8.116791e-01,1.468105e+00,2.063641e-01,5.655689e-01,1.171077e+01,1.201667e+00,4.570000e+00,8.000000e-02,1.580585e+00,9.821641e-01,1.795482e-01,1.664685e-02,5.945303e-03,5.785714e-01,5.005959e-01,2.191987e-04,-3.356425e+00,5.175574e+00,-4.536376e+00,2.262539e+00,-5.112717e-01,9.746964e-01,4.256837e-01,1.914388e-01,-7.848701e-03,-1.591513e-08,1.271982e-03,7.848685e-03,1.271998e-03,9.120682e-03,-2.487803e-01,2.932948e-01,5.420751e-01,7.277848e-02,1.155129e+00,1.778022e+01,9.228571e-01,1.920000e+00,8.000000e-02,6.871414e-01,9.738407e-01,5.588585e-02,7.134364e-03,1.189061e-03,6.321428e-01,4.946365e-01,1.744833e-04,-2.440278e+00,2.876810e+00,-1.842858e+00,6.495653e-01,-6.683215e-02,7.266580e-01,1.379310e-01,1.438763e-01,-1.595192e-03,-3.758031e-09,6.948477e-04,1.595188e-03,6.948514e-04,2.290040e-03,-1.729436e-01,1.788053e-01,3.517488e-01,4.976137e-02,1.748172e+00,2.716166e+01,9.625000e-01,3.360000e+00,8.000000e-02,1.153785e+00,9.667063e-01,2.615933e-02,3.567182e-03,2.378121e-03,6.321428e-01,4.755661e-01,6.816723e-05,-2.470709e+00,2.719672e+00,-1.472697e+00,3.015365e-01,4.534049e-02,3.179688e+03,7.812129e-01,7.883472e-01,-1.250000e+01,0.000000e+00,7.812500e+00,1.250000e+01,7.812500e+00,2.031250e+01,-1.389688e+03,1.460312e+03,2.850000e+03,2.810107e+02,2.309028e-01,2.174562e+01,7.390000e-01,3.170000e+00,9.000000e-02,1.100795e+00,9.762188e-01,6.718193e-01,2.378121e-02,1.189061e-02,3.726190e-01,3.528010e-01,3.528071e+03,-2.096354e+00,1.805109e+00,-4.823184e-01,-3.284909e-01,2.760915e-01,3.965625e+03,7.800238e-01,7.181926e-01,-2.187500e+01,0.000000e+00,1.562500e+01,2.187500e+01,1.562500e+01,3.750000e+01,-1.460000e+03,1.595625e+03,3.055625e+03,3.291632e+02,1.376810e-01,2.064307e+01,7.380000e-01,3.170000e+00,8.000000e-02,1.108673e+00,9.809750e-01,2.116528e-01,1.783591e-02,8.323424e-03,4.142857e-01,3.992849e-01,5.143343e+03,-2.060586e+00,1.669873e+00,-2.410641e-01,-5.568168e-01,3.584292e-01,5.176562e+03,7.800238e-01,7.181926e-01,-2.656250e+01,0.000000e+00,4.062500e+01,2.656250e+01,4.062500e+01,6.718750e+01,-1.745938e+03,1.814375e+03,3.560312e+03,4.082232e+02,-1.773958e-01,1.990911e+01,7.369999e-01,3.170000e+00,8.000000e-02,1.108802e+00,9.797860e-01,2.996433e-01,1.664685e-02,2.378121e-03,4.666667e-01,4.493445e-01,7.765998e+03,-2.057524e+00,1.653113e+00,-1.993076e-01,-6.145765e-01,3.882774e-01,5.875000e+03,7.800238e-01,7.181926e-01,-8.125000e+01,-1.562500e+00,7.031250e+01,7.968750e+01,7.187500e+01,1.515625e+02,-2.068438e+03,2.011875e+03,4.080312e+03,5.098935e+02,-1.660220e-01,1.442903e+01,7.390000e-01,3.170000e+00,8.000000e-02,1.109319e+00,9.797860e-01,4.565993e-01,1.783591e-02,4.756243e-03,5.071428e-01,5.053635e-01,1.486982e+04,-1.980826e+00,1.501427e+00,-7.397282e-02,-6.312531e-01,3.656427e-01,3.129766e-01,1.355529e-01,9.155767e-01,-1.158630e-02,-1.524609e-04,6.884465e-03,1.143384e-02,7.036926e-03,1.847076e-02,-9.926985e-02,9.466316e-02,1.939330e-01,3.424095e-02,4.401578e-01,7.030257e+00,7.730000e-01,1.450000e+00,1.400000e-01,4.489554e-01,9.595720e-01,1.736028e-01,9.512485e-03,2.378121e-03,5.500000e-01,4.994040e-01,1.043913e-04,-1.823800e+00,1.342561e+00,2.784151e-02,-6.507077e-01,3.593582e-01,4.070791e+03,7.800238e-01,7.883472e-01,-4.429839e+01,-1.420111e+00,3.843542e+01,4.287828e+01,3.985554e+01,8.273382e+01,-1.420376e+03,1.488127e+03,2.908503e+03,3.378780e+02,-4.319239e-02,1.958727e+01,7.390000e-01,3.170000e+00,8.000000e-02,1.107632e+00,9.797860e-01,4.268728e-01,1.902497e-02,8.323424e-03,5.309524e-01,5.113230e-01,3.484270e+03,-2.346168e+00,2.398483e+00,-1.121796e+00,2.978468e-02,1.741278e-01,2.294286e+00,7.384067e-01,7.181926e-01,-1.270460e-01,-8.904695e-04,1.240370e-01,1.261555e-01,1.249275e-01,2.510830e-01,-1.016349e+00,8.465359e-01,1.862885e+00,3.005930e-01,-2.063529e-01,5.817087e+00,4.152632e-01,1.370000e+00,8.000000e-02,3.837813e-01,9.726516e-01,6.302021e-01,4.875148e-02,9.512485e-03,5.107143e-01,4.982122e-01,5.596666e-03,-1.992649e+00,1.575859e+00,-2.154399e-01,-5.125431e-01,3.138275e-01,7.036334e+06,4.791915e-01,4.839477e-01,-1.245245e+05,-5.311166e+03,9.311505e+04,1.192133e+05,9.842621e+04,2.176395e+05,-1.743989e+06,2.025982e+06,3.769972e+06,5.732262e+05,-4.391531e-02,1.250350e+01,7.280000e-01,2.250000e+00,1.200000e-01,6.715028e-01,9.952437e-01,9.120095e-01,2.853746e-02,4.756243e-03,5.511905e-01,4.910608e-01,3.761060e+10,-1.672457e+00,1.132757e+00,1.587429e-01,-6.385336e-01,3.483435e-01,5.413554e+01,3.947681e-01,3.995244e-01,-7.727247e-01,1.333809e-03,9.142500e-01,7.740586e-01,9.129162e-01,1.686975e+00,-1.071953e+01,9.188959e+00,1.990849e+01,3.698843e+00,-7.981084e-02,1.464183e+01,3.350000e+00,3.350000e+00,3.350000e+00,0.000000e+00,9.940547e-01,3.626635e-01,3.567182e-03,2.378121e-03,5.535714e-01,5.053635e-01,1.151167e+00,-1.854818e+00,1.431642e+00,-1.180229e-01,-4.999375e-01,3.048207e-01,1.141844e+04,3.947681e-01,3.995244e-01,-2.209423e+01,4.915024e-01,2.921424e+01,2.258573e+01,2.872274e+01,5.130846e+01,-1.022711e+03,9.756105e+02,1.998322e+03,4.805317e+02,-2.275009e-01,7.821969e+01,3.350000e+00,3.350000e+00,3.350000e+00,0.000000e+00,9.964328e-01,9.024971e-01,3.567182e-03,2.378121e-03,6.071429e-01,4.934446e-01,2.089311e+04,-1.772062e+00,1.348821e+00,-1.250213e-02,-5.816905e-01,3.686600e-01,1.236142e-01,1.914388e-01,4.256837e-01,-9.940199e-04,6.131821e-07,2.841542e-03,9.946331e-04,2.840929e-03,3.835562e-03,-4.571399e-02,3.374607e-02,7.946007e-02,1.162978e-02,-1.276593e+00,1.220477e+01,5.507143e-01,1.920000e+00,8.000000e-02,5.402706e-01,9.892985e-01,9.250892e-01,4.875148e-02,1.070155e-02,4.119048e-01,5.148987e-01,3.999409e-06,-2.480982e+00,2.861357e+00,-1.738891e+00,5.331955e-01,-3.347950e-02,2.861343e+00,7.800238e-01,7.883472e-01,-3.285431e-02,-1.538414e-03,3.087975e-02,3.131590e-02,3.241817e-02,6.373407e-02,-9.592561e-01,1.026925e+00,1.986181e+00,2.334142e-01,3.372461e-04,1.964734e+01,7.390000e-01,3.170000e+00,8.000000e-02,1.107632e+00,9.797860e-01,4.244947e-01,2.021403e-02,5.945303e-03,5.238096e-01,5.065554e-01,1.672455e-03,-2.344475e+00,2.395987e+00,-1.119636e+00,2.814323e-02,1.749739e-01,6.137085e-01,4.256837e-01,7.645660e-01,-8.682927e-03,-5.568361e-09,3.651827e-03,8.682922e-03,3.651832e-03,1.233475e-02,-1.655355e-01,2.179590e-01,3.834945e-01,5.478216e-02,1.628669e+00,1.591008e+01,3.850000e-01,1.700000e+00,8.000000e-02,4.579902e-01,9.167657e-01,4.042806e-02,7.134364e-03,2.378121e-03,6.083333e-01,4.862932e-01,1.083219e-04,-2.333903e+00,2.445415e+00,-1.208645e+00,1.817599e-01,6.992418e-02,2.709178e+01,7.170036e-01,7.800238e-01,-1.107452e+00,-3.595276e-02,9.929241e-01,1.071499e+00,1.028877e+00,2.100376e+00,-9.143035e+00,1.033721e+01,1.948024e+01,2.896923e+00,7.444029e-01,9.179918e+00,5.600000e-01,1.960000e+00,8.000000e-02,6.431054e-01,9.524376e-01,9.036861e-02,1.664685e-02,2.378121e-03,5.071428e-01,5.303933e-01,2.651906e-01,-2.343569e+00,2.351920e+00,-1.061380e+00,3.404766e-03,1.575631e-01,2.207113e+01,8.323424e-01,1.355529e-01,-1.492711e+00,-1.812220e-02,1.273782e+00,1.474589e+00,1.291904e+00,2.766493e+00,-7.276367e+00,8.075743e+00,1.535211e+01,2.898482e+00,2.294128e-01,4.663646e+00,3.757143e-01,1.990000e+00,9.000000e-02,4.169797e-01,9.560047e-01,4.221165e-01,3.804994e-02,5.945303e-03,5.095238e-01,5.005959e-01,3.493319e-01,-2.116982e+00,1.738176e+00,-2.773023e-01,-5.379633e-01,3.351532e-01,2.381442e+01,7.491082e-01,7.015458e-01,-1.518422e+00,-5.652199e-02,1.482815e+00,1.461900e+00,1.539337e+00,3.001237e+00,-8.485197e+00,8.220850e+00,1.670605e+01,2.982429e+00,-2.129433e-03,4.923489e+00,5.792307e-01,1.580000e+00,9.000000e-02,4.934565e-01,9.595720e-01,3.947681e-01,2.021403e-02,2.378121e-03,5.154762e-01,5.101311e-01,4.230355e-01,-2.058917e+00,1.632971e+00,-1.841346e-01,-5.631906e-01,3.356516e-01,3.024816e+01,4.161712e-01,5.112961e-01,-1.559157e+00,-1.197061e-01,1.621079e+00,1.439451e+00,1.740785e+00,3.180236e+00,-1.038333e+01,9.646086e+00,2.002941e+01,3.424097e+00,-9.522390e-02,5.879572e+00,6.058333e-01,3.340000e+00,8.000000e-02,8.975288e-01,9.845422e-01,6.908442e-01,3.686088e-02,7.134364e-03,5.142857e-01,4.946365e-01,4.664103e-01,-2.112450e+00,1.701128e+00,-1.635603e-01,-6.393377e-01,3.750634e-01,2.399341e+01,5.362663e-01,4.839477e-01,-1.661888e+00,1.252424e-01,1.935722e+00,1.787130e+00,1.810479e+00,3.597609e+00,-9.588315e+00,7.979121e+00,1.756744e+01,3.306576e+00,-2.092687e-01,4.268073e+00,4.083333e-01,1.630000e+00,9.000000e-02,4.028406e-01,9.381688e-01,4.137931e-01,2.734840e-02,3.567182e-03,4.904762e-01,5.065554e-01,6.140400e-01,-2.076205e+00,1.785078e+00,-4.307882e-01,-3.819004e-01,2.714245e-01,2.468302e+01,4.292509e-01,8.703924e-01,-1.798480e+00,8.891793e-02,1.824967e+00,1.887398e+00,1.736049e+00,3.623447e+00,-8.301573e+00,7.201524e+00,1.550310e+01,3.141532e+00,-2.226825e-01,4.535015e+00,6.450000e-01,2.020000e+00,9.000000e-02,5.998542e-01,9.726516e-01,5.576695e-01,3.329370e-02,3.567182e-03,4.845238e-01,4.982122e-01,6.668057e-01,-1.971739e+00,1.569985e+00,-1.835277e-01,-5.489269e-01,3.284869e-01,2.588056e+01,5.766944e-01,8.406659e-01,-2.089411e+00,7.271671e-02,2.123652e+00,2.162127e+00,2.050935e+00,4.213063e+00,-1.146482e+01,1.058813e+01,2.205295e+01,4.038575e+00,-1.204903e-01,4.077364e+00,2.866667e-01,1.660000e+00,8.000000e-02,3.605654e-01,9.476813e-01,5.766944e-01,6.777646e-02,1.426873e-02,4.988095e-01,5.041716e-01,8.835121e-01,-2.035585e+00,1.682020e+00,-2.715987e-01,-4.808182e-01,3.135892e-01,3.482613e+01,8.894174e-01,5.588585e-01,-2.086469e+00,3.571651e-01,2.435328e+00,2.443634e+00,2.078162e+00,4.521796e+00,-1.236340e+01,1.072448e+01,2.308788e+01,4.397927e+00,-4.051036e-01,4.544627e+00,3.576190e-01,9.700000e-01,8.000000e-02,3.060486e-01,9.869204e-01,7.978597e-01,6.777646e-02,7.134364e-03,4.785714e-01,4.934446e-01,9.841087e-01,-2.058045e+00,1.666075e+00,-1.960816e-01,-5.497636e-01,3.211604e-01,2.832862e+01,5.350773e-01,8.715814e-01,-1.548193e+00,2.060518e-01,1.845050e+00,1.754245e+00,1.638998e+00,3.393242e+00,-9.891004e+00,8.907379e+00,1.879838e+01,3.356263e+00,-2.572098e-01,5.652870e+00,5.257143e-01,1.610000e+00,8.000000e-02,4.478794e-01,9.595720e-01,4.554102e-01,1.783591e-02,3.567182e-03,4.976190e-01,5.017878e-01,8.483054e-01,-1.889192e+00,1.405691e+00,-5.956811e-02,-5.659434e-01,3.275464e-01,1.748102e+01,8.299643e-01,1.379310e-01,-1.650804e+00,2.619537e-01,1.801432e+00,1.912758e+00,1.539479e+00,3.452237e+00,-7.571301e+00,6.513433e+00,1.408473e+01,2.961110e+00,-3.104413e-01,3.278244e+00,2.633333e-01,8.000000e-01,8.000000e-02,2.235074e-01,9.393579e-01,6.171225e-01,9.036861e-02,1.070155e-02,4.976190e-01,5.089392e-01,6.404676e-01,-1.912088e+00,1.469303e+00,-1.100362e-01,-5.524976e-01,3.315399e-01,2.177168e+01,4.030915e-01,1.379310e-01,-1.608030e+00,-2.634945e-02,1.878473e+00,1.581680e+00,1.904822e+00,3.486503e+00,-8.520913e+00,8.140031e+00,1.666094e+01,3.171301e+00,-1.966953e-02,3.961578e+00,3.164000e-01,1.600000e+00,8.000000e-02,3.422500e-01,9.619501e-01,5.755054e-01,6.064209e-02,9.512485e-03,5.130953e-01,5.077473e-01,8.344741e-01,-1.854322e+00,1.364158e+00,-2.437246e-02,-5.696972e-01,3.157935e-01,1.938523e+01,5.909631e-01,5.124851e-01,-1.718126e+00,1.159392e-01,1.766478e+00,1.834065e+00,1.650538e+00,3.484603e+00,-7.934524e+00,7.544893e+00,1.547942e+01,3.024611e+00,-1.653916e-01,3.762947e+00,3.148000e-01,1.450000e+00,8.000000e-02,3.052359e-01,9.381688e-01,5.683710e-01,6.777646e-02,1.070155e-02,4.988095e-01,4.958284e-01,6.754733e-01,-1.890976e+00,1.410838e+00,-9.757102e-03,-6.629149e-01,3.867859e-01,1.859538e+01,8.156956e-01,4.827586e-01,-1.561021e+00,-3.726098e-02,1.350278e+00,1.523760e+00,1.387539e+00,2.911300e+00,-6.832315e+00,6.750537e+00,1.358285e+01,2.652412e+00,9.142479e-02,3.856215e+00,3.571429e-01,1.500000e+00,8.000000e-02,4.286206e-01,9.405470e-01,3.995244e-01,3.448276e-02,5.945303e-03,4.904762e-01,4.910608e-01,5.543425e-01,-1.860313e+00,1.318419e+00,4.031944e-02,-5.980769e-01,3.082936e-01,1.939423e+01,9.346017e-01,5.743163e-01,-1.276616e+00,-4.397240e-02,1.588454e+00,1.232644e+00,1.632426e+00,2.865070e+00,-7.032898e+00,6.625440e+00,1.365834e+01,2.533628e+00,-3.128978e-01,4.644108e+00,3.426087e-01,2.480000e+00,8.000000e-02,4.780869e-01,9.881094e-01,8.311534e-01,9.631391e-02,1.783591e-02,4.869048e-01,4.898689e-01,4.479772e-01,-1.902682e+00,1.415354e+00,-8.823812e-03,-6.095820e-01,3.398893e-01,2.359469e+02,9.519776e-01,2.359469e+02,2.473160e+02,5.285645e+02,3.924303e-01,0.000000e+00,-7.911800e-06,3.382836e-01,1.966451e-02,2.672218e-07,-1.417899e-04,3.494401e-01,1.963932e-02,4.982625e-01,1.849950e+02,2.289451e+02,2.774032e+02,4.395007e+01,4.845808e+01,9.240816e+01,9.225957e+01,4.872102e+02,3.949506e+02,7.412319e+01,9.934878e-01,5.924778e+00,7.250996e-01,1.294821e-01,1.195219e-02,9.960160e-03,4.710579e-01,4.620000e-01,5.062537e+02,-1.131078e+00,5.219715e-02,2.701608e-02,1.045499e-01,-4.729562e-02,8.393547e-01,9.971111e-01,8.393547e-01,8.416647e-01,2.980179e-01,7.476635e-02,7.345794e-01,-1.116044e-04,6.877736e-01,4.342603e-02,6.030228e-07,-4.336186e-04,7.163792e-01,4.326053e-02,4.972988e-01,8.007265e-01,8.551735e-01,8.858184e-01,5.444700e-02,3.064489e-02,8.509189e-02,6.715120e-01,9.398707e-01,2.683587e-01,6.231575e-02,-8.151138e-01,3.030449e+00,9.476635e-01,7.757009e-01,4.074766e-01,5.233645e-02,4.887640e-01,4.258912e-01,2.124458e-03,-1.132682e+00,9.215441e-02,3.902144e-02,5.483478e-02,-5.160711e-02,2.914322e-02,4.381288e-01,2.914322e-02,7.040136e-02,6.543369e-01,4.357298e-03,8.278867e-02,-1.204524e-04,7.109863e-02,9.337613e-03,1.096909e-06,-6.228369e-04,1.093636e-01,9.040918e-03,3.954659e-01,5.462692e-03,1.148146e-02,2.776413e-02,6.018773e-03,1.628267e-02,2.230144e-02,8.801722e-04,3.000184e-01,2.991382e-01,6.408608e-02,6.824356e+00,5.943737e+01,2.178649e-02,1.089325e-02,6.535948e-03,6.535948e-03,4.694323e-01,5.426696e-01,1.225006e-03,-1.005013e+00,1.404538e-02,3.055974e-01,-1.631779e-01,2.444874e-02,2.256966e-02,3.696530e-01,2.256966e-02,6.332321e-02,8.048401e-01,0.000000e+00,5.088495e-02,-6.697650e-05,4.235677e-02,5.327479e-03,5.072577e-07,-2.957497e-04,5.951476e-02,5.267813e-03,4.089312e-01,2.804744e-03,7.249731e-03,2.164296e-02,4.444987e-03,1.439322e-02,1.883821e-02,8.532080e-04,1.655360e-01,1.646828e-01,5.916452e-02,9.132206e+00,1.050640e+02,8.849557e-03,6.637168e-03,4.424779e-03,2.212389e-03,4.767184e-01,5.400000e-01,1.746228e-03,-8.428240e-01,5.734640e-02,2.230532e-01,-1.631880e-01,6.194289e-03,1.475527e-01,6.300151e-01,1.475527e-01,2.207873e-01,9.914691e-01,6.302521e-03,9.285714e-01,-7.476965e-05,1.579757e-01,2.733591e-02,7.286909e-07,-4.208978e-04,1.853198e-01,2.718447e-02,4.790208e-01,4.636440e-02,8.845580e-02,1.787667e-01,4.209140e-02,9.031090e-02,1.324023e-01,1.468764e-02,8.390926e-01,8.244049e-01,1.642415e-01,2.498548e+00,1.051618e+01,1.554622e-01,4.201681e-02,1.470588e-02,8.403362e-03,5.052631e-01,5.443038e-01,8.018892e-03,-1.137521e+00,9.329329e-02,4.109126e-01,-2.347217e-01,-2.754325e-02,-3.202824e+01,5.609451e-01,1.434506e+01,6.290339e+01,1.290666e+02,4.424461e-01,0.000000e+00,3.793169e-04,3.686557e-01,1.676115e-01,-3.771630e-06,3.521084e-03,-6.700279e-02,1.293778e-01,4.411592e-01,-1.000000e+02,3.330068e+00,1.581145e+01,1.033301e+02,1.248138e+01,1.158114e+02,-1.000000e+02,2.635247e+01,1.263525e+02,5.413897e+01,-3.643659e-01,1.237973e+00,6.330935e-01,5.995204e-01,5.599520e-01,2.386091e-01,3.397359e-01,3.317308e-01,1.237510e+02,-1.481904e+00,4.593791e-01,3.409221e-01,-4.116044e-01,1.191030e-01,6.374998e-03,2.278077e-01,2.285861e-02,6.630357e-02,9.443983e-01,4.166667e-03,3.979167e-01,-9.649505e-05,1.274552e-01,4.704709e-03,9.492579e-07,-5.511895e-04,1.636792e-01,4.438972e-03,1.721977e-01,-4.151450e-03,-2.192317e-04,3.293216e-03,3.932219e-03,3.512448e-03,7.444667e-03,-5.087660e-02,1.246840e-01,1.755606e-01,6.599639e-02,1.007335e+01,1.150605e+02,1.041667e-02,8.333334e-03,4.166667e-03,4.166667e-03,4.634655e-01,4.769875e-01,8.702680e-04,-1.328919e+00,5.373197e-01,1.607626e-01,-1.993036e-01,1.061390e-02,5.014303e-06,3.921309e-01,2.971122e-05,6.113118e-05,8.940988e-04,7.782101e-03,9.727626e-02,-7.028766e-05,2.183666e-01,4.534488e-03,6.075391e-07,-3.819552e-04,2.449623e-01,4.391361e-03,2.833858e-01,-1.015621e-05,-7.868819e-07,1.035560e-05,9.369327e-06,1.114248e-05,2.051181e-05,-8.238851e-05,1.770933e-04,2.594818e-04,6.092518e-05,7.498639e+00,7.883965e+01,4.669261e-02,7.782101e-03,5.836576e-03,3.891051e-03,4.113061e-01,5.058594e-01,2.740889e-10,-1.880932e+00,1.343021e+00,-1.511694e-01,-3.465301e-01,1.764940e-01,-2.189965e-05,1.113843e-01,6.163757e-06,1.650280e-04,1.826187e-03,2.754630e-01,6.944444e-03,1.540924e-04,9.306580e-01,7.653210e-03,-1.637885e-06,8.600209e-04,8.800665e-01,7.134150e-03,1.102918e-01,-4.515577e-06,-1.814917e-07,2.840512e-06,4.334085e-06,3.022004e-06,7.356089e-06,-1.097988e-03,3.319950e-05,1.131187e-03,1.635685e-04,-8.579965e+00,7.855800e+01,9.930556e-01,9.884259e-01,9.861111e-01,9.814815e-01,5.638051e-01,4.930232e-01,3.911426e-09,-1.275458e+00,2.477823e-01,3.536396e-01,-2.540828e-01,9.582596e-02,-2.158036e-05,9.922248e-02,4.495600e-06,2.035121e-04,3.046253e-03,2.742317e-01,2.364066e-03,9.293329e-05,9.509999e-01,4.284257e-03,-1.034000e-06,5.292814e-04,9.203828e-01,4.094098e-03,1.015353e-01,-3.759589e-06,-3.058344e-07,1.752605e-06,3.453754e-06,2.058440e-06,5.512194e-06,-4.377935e-04,2.276761e-05,4.605611e-04,2.023646e-04,-1.221799e+01,1.601945e+02,9.952719e-01,9.929078e-01,9.929078e-01,9.881797e-01,5.900474e-01,4.774347e-01,1.551175e-08,-1.031715e+00,3.536244e-01,8.275646e-02,-1.574351e-01,6.460727e-02,-2.436095e-05,2.604482e-01,6.507984e-05,2.909858e-04,5.651352e-03,2.202643e-03,1.541850e-02,3.960045e-05,3.690138e-01,2.605660e-03,-3.154484e-07,1.824986e-04,3.582488e-01,2.582175e-03,2.084466e-01,-2.717775e-05,-1.950773e-06,1.941464e-05,2.522698e-05,2.136542e-05,4.659239e-05,-1.342430e-03,2.684153e-04,1.610845e-03,2.899643e-04,7.946893e-01,6.981571e+01,9.823788e-01,6.607930e-03,2.202643e-03,2.202643e-03,5.584989e-01,4.977876e-01,3.365958e-08,-9.781604e-01,3.404584e-01,1.297233e-01,-1.907506e-01,1.793848e-01,3.227031e-03,2.441071e-01,1.506170e-02,4.100250e-02,6.355927e-01,5.235602e-03,9.424084e-02,-5.654263e-05,2.564335e-01,4.048372e-03,4.469249e-07,-3.121837e-04,2.807620e-01,3.928751e-03,2.613176e-01,-2.457251e-03,4.448025e-04,3.895979e-03,2.902054e-03,3.451177e-03,6.353230e-03,-8.480594e-02,1.168057e-01,2.016117e-01,4.087531e-02,6.938054e+00,7.862562e+01,1.431065e-01,6.980803e-03,3.490401e-03,3.490401e-03,4.632867e-01,4.938704e-01,9.759630e-05,-2.043144e+00,1.667063e+00,-3.209714e-01,-3.847339e-01,2.211345e-01,5.990453e-01,3.478571e-01,9.400000e-01,6.000000e-02,2.457402e-01,6.385545e-01,4.138433e-01,8.837050e-01,2.488461e-01,1.581948e-01,2.252360e+00,8.566313e-01,1.359140e+00,7.205851e-01,2.128463e+00,6.435294e-01,1.011180e+01,6.352848e+00,9.654156e+00,5.289906e+00,7.211867e-03,2.084486e-01,5.367502e-02,-1.129125e-02,1.018326e-01,7.645268e-02,5.016543e-02,5.201663e-01,1.810253e+00,6.079395e-01,3.441288e+00,1.615000e+00,1.241763e+00,2.098498e+01,7.867043e-01,1.457796e+01,1.276771e+01,8.052996e+00,8.777113e-03,4.924527e+01,4.920418e+01,1.633363e+01,1.287909e+01,-7.324792e-03,9.661008e-02,1.172332e-02,-2.638846e-04,-5.113439e-03,9.352525e-02,1.172141e-02,4.239413e-01,2.010938e-02,3.294308e-01,2.845148e-02,2.588000e-01,1.818113e-01,5.803450e-02,7.043061e-01,4.917901e-02,2.906963e-02,2.445576e+00,5.031005e-01,4.541872e-01,2.869261e-01,3.545652e-01,2.441676e-01,8.807901e-03,2.057385e-01,5.920888e-02,-1.534608e-02,1.374081e-01,2.634129e-02,5.272602e-02,5.246376e-01,4.800399e-02,5.883667e-01,7.601559e-02,5.346154e-01,2.708665e-01,2.886574e-01,8.647712e-01,1.579613e-01,1.099573e-01,3.290587e+00,4.334258e-02,5.337480e-01,5.232112e-01,1.034321e+00,1.058994e+00,8.772280e-03,1.049759e-01,3.072781e-02,-3.760984e-03,4.028932e-02,6.100966e-02,3.033842e-02,5.420519e-01,1.596068e-01,8.162557e-01,2.032578e-01,5.043750e-01,3.165444e-01,8.115349e-01,8.809835e-01,4.160471e-01,2.564403e-01,2.606701e+00,2.240342e-01,2.167052e+00,1.796195e+00,2.249036e+00,1.786856e+00,-3.844616e-03,1.527751e-01,1.857966e-02,-2.703390e-03,1.880979e-02,1.211722e-01,1.837847e-02,4.838902e-01,4.679807e-01,5.930766e-01,7.689165e-01,5.775000e-01,3.858405e-01,4.554427e+00,8.777874e-01,1.877960e+00,1.409980e+00,4.012901e+00,1.783784e-02,8.180759e+00,5.229950e+00,7.295134e+00,6.287682e+00,-5.351361e-03,1.090496e-01,1.365872e-02,-2.228688e-03,1.332504e-02,8.299597e-02,1.352199e-02,4.579219e-01,7.926230e-01,5.415134e-01,1.438268e+00,6.490000e-01,4.967384e-01,9.060120e+00,8.756526e-01,3.865665e+00,3.073042e+00,4.877053e+00,4.643681e-02,1.928319e+01,9.709633e+00,1.211466e+01,1.120552e+01,-6.574477e-03,1.025532e-01,1.320096e-02,-1.387739e-03,5.054780e-03,8.633042e-02,1.314794e-02,4.394005e-01,1.091918e+00,5.181930e-01,2.068239e+00,6.740000e-01,5.013242e-01,1.377356e+01,8.839459e-01,5.768986e+00,4.677068e+00,5.283352e+00,1.620696e-02,3.177603e+01,3.265902e+01,1.973135e+01,2.003628e+01,-5.379493e-03,9.102466e-02,1.253775e-02,-1.527488e-03,7.420858e-03,7.316817e-02,1.247352e-02,4.457315e-01,1.348578e+00,5.086880e-01,2.767900e+00,9.271429e-01,6.285000e-01,2.101682e+01,8.525553e-01,9.729804e+00,8.381227e+00,7.214863e+00,8.154267e-03,4.557195e+01,4.943917e+01,2.400025e+01,1.857859e+01,-5.446502e-03,7.610141e-02,9.440288e-03,-7.249023e-04,6.281788e-04,6.762723e-02,9.425823e-03,4.297949e-01,1.534193e+00,5.110623e-01,3.391798e+00,9.916666e-01,6.554070e-01,3.064513e+01,8.864134e-01,1.197003e+01,1.043584e+01,7.802170e+00,7.762072e-03,3.058347e+01,2.326653e+01,2.611622e+01,1.825256e+01,-5.392938e-03,6.569274e-02,7.485298e-03,-3.009049e-04,-2.871355e-03,6.217513e-02,7.482806e-03,4.144369e-01,1.624309e+00,5.305648e-01,3.638443e+00,1.188000e+00,1.092901e+00,2.948524e+01,8.878867e-01,1.295879e+01,1.133448e+01,7.978034e+00,1.289420e-02,3.273903e+01,1.899005e+01,3.122936e+01,2.524982e+01,-6.612649e-03,7.499398e-02,9.355343e-03,-3.947468e-04,-3.304671e-03,7.037935e-02,9.351054e-03,4.048818e-01,1.835599e+00,5.084181e-01,4.463931e+00,1.294000e+00,9.961345e-01,3.364743e+01,8.831173e-01,1.605992e+01,1.422432e+01,8.749143e+00,1.443091e-02,5.235471e+01,6.594907e+01,2.320521e+01,1.789974e+01,-6.646912e-03,7.489476e-02,1.114651e-02,-1.624613e-04,-5.285487e-03,7.299557e-02,1.114578e-02,4.029422e-01,1.997832e+00,5.022488e-01,4.567023e+00,1.292000e+00,1.010525e+00,3.801741e+01,8.786036e-01,1.679583e+01,1.479800e+01,8.407029e+00,1.441019e-02,5.738285e+01,5.497011e+01,2.170085e+01,1.244364e+01,-6.284420e-03,7.172889e-02,8.776621e-03,-1.441567e-04,-5.076387e-03,7.004368e-02,8.776049e-03,4.042393e-01,2.107216e+00,5.044922e-01,4.877092e+00,1.617500e+00,1.223277e+00,4.289994e+01,8.759801e-01,2.055423e+01,1.844701e+01,9.754211e+00,3.549572e-03,6.233912e+01,6.451657e+01,2.111406e+01,1.333046e+01,-5.451940e-03,6.519688e-02,7.891654e-03,-1.927331e-04,-3.836836e-03,6.294381e-02,7.890631e-03,4.108141e-01,2.425028e+00,4.624089e-01,6.537578e+00,2.975000e+00,2.564688e+00,6.019054e+01,8.719044e-01,4.065337e+01,3.822834e+01,1.342818e+01,7.439317e-04,5.902568e+01,3.149171e+01,3.160277e+01,2.550798e+01,-5.097504e-03,5.605265e-02,7.581976e-03,-3.149605e-04,-2.458136e-03,5.237073e-02,7.579245e-03,3.979474e-01,2.711430e+00,4.372072e-01,7.577837e+00,1.980000e+00,1.446893e+00,6.618805e+01,8.507459e-01,4.067661e+01,3.796518e+01,1.282112e+01,1.612751e-03,5.860336e+01,4.666381e+01,8.087032e+01,6.989778e+01,-5.441572e-03,5.720477e-02,8.098738e-03,9.997147e-05,-6.279333e-03,5.837345e-02,8.098464e-03,3.902385e-01,2.414569e+00,5.135284e-01,5.317012e+00,1.148333e+00,8.977889e-01,5.042645e+01,8.914841e-01,1.821084e+01,1.579627e+01,7.542067e+00,1.111051e-02,8.092114e+01,9.747906e+01,3.861908e+01,3.152724e+01,-5.462982e-03,6.497972e-02,6.838558e-03,6.135504e-04,-1.060453e-02,7.215219e-02,6.828195e-03,4.099263e-01,2.130656e+00,6.072457e-01,3.600104e+00,5.284615e-01,3.482322e-01,2.139703e+01,8.862543e-01,7.736927e+00,5.606271e+00,3.631242e+00,5.271343e-02,4.000360e+01,4.084430e+01,3.121400e+01,3.821357e+01,-1.011459e-02,1.286545e-01,1.384682e-02,7.670935e-04,-1.654283e-02,1.376219e-01,1.383063e-02,4.192713e-01,2.166883e+00,6.212651e-01,3.652120e+00,5.583333e-01,3.940706e-01,2.403890e+01,8.613771e-01,8.510932e+00,6.344049e+00,3.927731e+00,3.747255e-02,4.065787e+01,2.940833e+01,2.865165e+01,2.066239e+01,-7.808707e-03,1.079852e-01,1.073922e-02,-2.284089e-04,-5.894640e-03,1.053151e-01,1.073778e-02,4.290895e-01,2.439926e+00,5.716453e-01,4.972457e+00,1.622500e+00,1.363802e+00,4.208671e+01,8.821838e-01,2.058205e+01,1.814212e+01,8.435521e+00,5.884083e-03,6.993012e+01,5.844394e+01,2.012020e+01,1.439304e+01,-6.060915e-03,7.542869e-02,8.032364e-03,-3.770249e-04,-2.901447e-03,7.102124e-02,8.028451e-03,4.165474e-01,2.706358e+00,5.325750e-01,6.473074e+00,1.622500e+00,1.248822e+00,5.955530e+01,8.955348e-01,2.708833e+01,2.438198e+01,1.000913e+01,5.053187e-03,7.849945e+01,8.390476e+01,2.717552e+01,2.276997e+01,-5.921198e-03,6.487943e-02,7.612464e-03,-1.864785e-04,-4.358507e-03,6.269948e-02,7.611507e-03,3.976756e-01,2.620652e+00,5.621152e-01,5.641171e+00,1.607500e+00,1.222725e+00,4.487194e+01,8.645977e-01,2.524584e+01,2.262519e+01,9.633419e+00,5.797267e-03,6.684380e+01,6.047301e+01,2.707046e+01,1.986935e+01,-6.086058e-03,7.472043e-02,9.047519e-03,-4.162718e-04,-2.597699e-03,6.985418e-02,9.042749e-03,4.151351e-01,2.641560e+00,5.601625e-01,5.672361e+00,1.290000e+00,9.832700e-01,4.510575e+01,8.273209e-01,2.373850e+01,2.109694e+01,8.986547e+00,2.862192e-02,8.832356e+01,7.642102e+01,5.218101e+01,5.020100e+01,-4.798433e-03,6.732035e-02,8.342041e-03,-8.931101e-05,-4.050007e-03,6.627630e-02,8.341821e-03,4.301609e-01,2.532770e+00,5.739803e-01,4.755329e+00,9.200000e-01,6.342937e-01,3.314734e+01,8.409390e-01,1.660703e+01,1.407426e+01,6.556866e+00,2.887808e-02,7.716029e+01,7.313106e+01,4.282302e+01,4.605546e+01,-5.762015e-03,8.669568e-02,1.023080e-02,-1.833040e-04,-4.225927e-03,8.455284e-02,1.022987e-02,4.367076e-01,2.103368e+00,6.517829e-01,3.127462e+00,4.600000e-01,3.148968e-01,1.434181e+01,8.524301e-01,6.628479e+00,4.525111e+00,3.151365e+00,4.931169e-01,2.957244e+01,3.052852e+01,3.984607e+01,4.061920e+01,-8.563475e-03,1.567441e-01,1.849415e-02,-2.826839e-04,-6.194584e-03,1.534395e-01,1.849195e-02,4.515124e-01,1.881642e+00,6.626203e-01,2.796204e+00,5.750000e-01,3.936686e-01,1.254395e+01,8.515092e-01,5.762649e+00,3.881006e+00,3.062563e+00,5.519489e-02,2.680033e+01,2.851809e+01,2.046455e+01,1.798613e+01,-7.072546e-03,1.530712e-01,1.942034e-02,3.225470e-05,-7.342840e-03,1.534482e-01,1.942031e-02,4.606904e-01,1.686813e+00,6.406285e-01,2.608198e+00,5.550000e-01,3.622729e-01,1.266555e+01,8.699660e-01,5.433720e+00,3.746907e+00,3.221293e+00,1.238620e-01,2.382216e+01,2.341298e+01,2.528341e+01,2.245919e+01,-6.699156e-03,1.399865e-01,1.840750e-02,-7.113153e-04,-7.383336e-04,1.316712e-01,1.839357e-02,4.589786e-01,1.500748e+00,6.042331e-01,2.435398e+00,5.123077e-01,3.343146e-01,1.266931e+01,8.633223e-01,5.377929e+00,3.877181e+00,3.583499e+00,9.571279e-02,2.458225e+01,2.287156e+01,2.796181e+01,2.077818e+01,-6.828096e-03,1.283545e-01,1.680937e-02,-5.242254e-04,-2.435087e-03,1.222262e-01,1.680181e-02,4.527218e-01,1.193385e+00,6.237883e-01,1.825779e+00,4.593333e-01,3.367096e-01,8.257132e+00,8.823790e-01,3.811450e+00,2.618064e+00,3.193813e+00,1.130978e-01,2.344450e+01,1.849869e+01,2.031358e+01,1.679754e+01,-5.171493e-03,1.453058e-01,2.164661e-02,-9.766215e-04,3.012596e-03,1.338890e-01,2.162035e-02,4.710517e-01,9.509447e-01,6.332126e-01,1.436703e+00,5.541667e-01,4.338115e-01,6.785820e+00,8.104108e-01,3.521131e+00,2.570186e+00,3.702772e+00,1.218386e-01,2.125304e+01,1.714237e+01,1.731341e+01,1.443180e+01,-4.309332e-03,1.284541e-01,1.643338e-02,-5.830983e-04,5.770327e-04,1.216376e-01,1.642402e-02,4.728744e-01,1.486988e-01,6.256917e-03,3.294076e-01,3.315789e-01,2.307509e-01,2.099008e+00,8.938864e-01,8.227714e-01,6.740726e-01,5.533142e+00,2.382571e-01,9.521389e+00,9.834539e+00,7.829450e+00,9.260421e+00,2.371843e-03,5.338704e-02,1.563597e-02,-7.073465e-03,6.164748e-02,-2.930248e-02,1.425864e-02,5.255913e-01,9.740820e-02,6.774492e-03,2.576779e-01,4.614286e-01,3.737947e-01,1.674188e+00,8.996041e-01,6.574373e-01,5.600291e-01,6.749302e+00,4.739756e-01,4.867645e+00,4.868257e+00,5.202528e+00,5.420703e+00,-2.993569e-03,6.488413e-02,1.637903e-02,1.047032e-03,-1.176769e-02,7.712404e-02,1.634885e-02,4.594164e-01,5.655170e+02,4.045543e-01,1.296808e+03,1.304000e+00,8.636341e-01,5.359375e+03,8.596491e-01,2.726562e+03,2.161045e+03,4.821363e+00,2.506266e-02,7.786082e+03,7.223866e+03,5.295673e+03,8.086415e+03,1.324143e-02,2.770912e-02,3.401111e-02,-3.459044e-03,4.222821e-02,-1.272744e-02,3.368174e-02,6.014656e-01,7.871536e+02,4.083115e-01,1.608033e+03,5.330769e-01,3.345659e-01,6.671875e+03,8.372549e-01,3.531250e+03,2.744096e+03,4.486100e+00,7.450981e-02,4.852291e+04,7.551941e+04,3.210167e+04,3.615652e+04,9.880254e-03,5.149944e-02,3.039001e-02,-3.006761e-03,3.507691e-02,1.635011e-02,3.014114e-02,5.693365e-01,1.127738e+03,4.141153e-01,2.102592e+03,6.400000e-01,4.719206e-01,8.843750e+03,8.588771e-01,4.367188e+03,3.239450e+03,3.872521e+00,1.380880e-01,3.309859e+04,4.106568e+04,1.666828e+04,2.336901e+04,8.534148e-03,6.921189e-02,2.927408e-02,-2.995241e-03,3.363427e-02,3.419721e-02,2.902711e-02,5.538841e-01,1.648596e+03,4.444314e-01,2.744431e+03,3.694737e-01,2.708589e-01,9.718750e+03,8.405405e-01,5.387500e+03,3.738904e+03,3.267933e+00,1.337838e-01,5.808385e+04,6.796195e+04,3.440199e+04,3.063085e+04,7.148354e-03,1.085756e-01,3.570880e-02,-4.616901e-03,4.583799e-02,5.460357e-02,3.512202e-02,5.344569e-01,1.524781e-01,3.289826e-01,2.227336e-01,1.762162e-01,1.184191e-01,6.531005e-01,7.883841e-01,4.208371e-01,2.683589e-01,2.759983e+00,6.387515e-01,5.585384e+00,3.714782e+00,4.974797e+00,3.218007e+00,1.219807e-02,1.324303e-01,3.753965e-02,-8.539800e-03,8.376160e-02,3.259921e-02,3.553210e-02,5.457387e-01,9.965884e+02,5.341799e-01,1.780299e+03,5.415385e-01,3.302339e-01,7.153840e+03,8.644080e-01,3.751626e+03,2.755038e+03,3.764469e+00,3.195681e-02,1.849728e+04,1.945297e+04,1.977214e+04,2.210936e+04,9.390690e-03,7.477208e-02,3.125680e-02,-3.706273e-03,4.044926e-02,3.144538e-02,3.087866e-02,5.539274e-01,2.883292e+00,8.055463e-01,3.273142e+00,2.186842e-01,1.444967e-01,6.020073e+00,8.541126e-01,3.906008e+00,1.022716e+00,1.354704e+00,6.851337e-01,3.353003e+01,2.315876e+01,2.747597e+01,1.746249e+01,4.528211e-03,3.771473e-01,4.819157e-02,-1.069085e-02,9.411756e-02,2.521702e-01,4.504529e-02,5.071434e-01,1.454843e+06,4.724395e-01,2.388140e+06,2.500000e-01,1.816006e-01,1.237106e+07,8.827792e-01,5.310802e+06,3.855959e+06,3.650430e+00,3.502541e-01,6.592093e+07,6.562776e+07,7.469967e+07,7.216265e+07,4.409199e-04,1.014268e-01,1.826214e-02,-1.513784e-03,1.312643e-02,8.373047e-02,1.819906e-02,5.023735e-01,1.286102e+01,6.321543e-01,1.881763e+01,2.844827e-01,1.789781e-01,9.500548e+01,8.649996e-01,3.962928e+01,2.676826e+01,3.081349e+00,2.072444e-01,3.892363e+02,2.964130e+02,4.190559e+02,4.057367e+02,-2.781104e-03,1.278073e-01,1.559692e-02,7.430134e-03,-6.504562e-02,2.146663e-01,1.407719e-02,4.827985e-01,5.468350e+02,2.444836e-01,1.499528e+03,7.990000e-01,5.274097e-01,1.898070e+04,8.776799e-01,5.467260e+03,4.920425e+03,9.998006e+00,2.870151e-02,3.924301e+04,4.329543e+04,2.573433e+04,2.374837e+04,-8.941418e-04,2.890099e-02,4.163845e-03,1.553025e-03,-1.390849e-02,4.705601e-02,4.097451e-03,4.746808e-01,-3.712613e-02,4.419699e-02,6.737009e-02,2.816000e-01,2.484206e-01,1.750773e-01,5.415010e-01,-2.184146e-02,1.528467e-02,5.883042e-01,8.812191e-01,1.293960e+00,1.183860e+00,1.474497e+00,1.297001e+00,4.086233e-04,8.834606e-01,3.023178e-02,7.588665e-03,-6.318440e-02,9.721729e-01,2.864651e-02,4.969160e-01,7.806889e-01,5.807945e-01,1.291263e+00,5.284615e-01,3.200564e-01,5.101232e+00,8.600546e-01,2.680276e+00,1.899588e+00,3.433220e+00,5.100647e-02,1.174829e+01,1.133240e+01,1.562134e+01,1.609594e+01,9.714799e-03,8.313065e-02,2.951688e-02,-4.366293e-03,4.630433e-02,3.208825e-02,2.899207e-02,5.510083e-01,1.616059e-01,1.186043e-02,3.134804e-01,2.691666e-01,1.825894e-01,1.470741e+00,8.869470e-01,6.339580e-01,4.723521e-01,3.922863e+00,5.679083e-01,6.252554e+00,5.713774e+00,6.486869e+00,5.822591e+00,-7.592518e-04,1.006395e-01,2.623760e-02,-5.821895e-03,4.802823e-02,3.258098e-02,2.530455e-02,4.939572e-01,1.464974e+01,7.951490e-01,2.055199e+01,3.020833e-01,1.983075e-01,2.293631e+01,2.578139e-01,2.950918e+01,1.485944e+01,2.014314e+00,8.060532e-01,2.773757e+02,1.648493e+02,2.404422e+02,1.572585e+02,-5.863117e-04,6.865218e-01,2.624907e-02,-4.062606e-03,3.345833e-02,6.390296e-01,2.579473e-02,5.247355e-01,3.374214e+00,7.129616e-01,1.651636e+01,2.283333e-01,1.546843e-01,5.770250e+01,7.090240e-01,1.851678e+01,1.514256e+01,5.487730e+00,5.611993e-01,3.112430e+02,2.021837e+02,2.801490e+02,1.355305e+02,8.536455e-03,4.523758e-01,3.904063e-02,1.032949e-03,-1.196552e-04,4.644510e-01,3.901126e-02,5.111170e-01,5.393683e+00,7.137082e-01,1.819124e+01,2.520690e-01,1.474887e-01,7.341527e+01,7.409302e-01,1.900399e+01,1.361030e+01,3.523379e+00,5.923603e-01,3.131219e+02,2.056301e+02,2.986585e+02,1.859016e+02,-3.641814e-04,4.853242e-01,3.074204e-02,2.804045e-03,-2.386208e-02,5.181038e-01,3.052559e-02,4.877399e-01,6.808766e+00,7.327822e-01,2.080557e+01,2.635714e-01,1.697943e-01,5.222825e+01,5.321401e-01,2.135362e+01,1.454485e+01,3.136195e+00,7.321206e-01,4.083019e+02,2.542615e+02,3.664810e+02,2.643611e+02,-7.785631e-03,6.681668e-01,3.976847e-02,7.297914e-03,-6.894215e-02,7.534801e-01,3.830235e-02,4.784142e-01,-2.044926e+00,6.874597e-01,1.852826e+01,2.161111e-01,1.335172e-01,5.850825e+01,6.041478e-01,1.258342e+01,1.462835e+01,-6.153486e+00,7.497946e-01,3.440373e+02,2.115325e+02,3.695865e+02,1.911320e+02,-5.697993e-03,5.567603e-01,3.596708e-02,1.765087e-02,-1.536123e-01,7.631007e-01,2.739069e-02,5.086725e-01,4.525583e+00,7.018278e-01,1.941371e+01,2.015385e-01,1.365719e-01,6.708113e+01,7.536548e-01,1.641371e+01,1.188812e+01,3.626871e+00,7.537696e-01,3.625947e+02,1.927965e+02,3.887762e+02,2.554357e+02,-9.184485e-03,6.060603e-01,4.449306e-02,4.232449e-03,-4.465241e-02,6.555381e-01,4.399994e-02,4.956719e-01,-8.779954e+00,6.987395e-01,2.324355e+01,2.105263e-01,1.277219e-01,5.129956e+01,5.391822e-01,4.839187e+00,1.361914e+01,-5.511631e-01,8.222773e-01,4.422787e+02,2.472085e+02,4.506609e+02,2.700276e+02,-1.088431e-02,6.400084e-01,5.047196e-02,1.736059e-02,-1.563660e-01,8.429555e-01,4.217534e-02,5.207763e-01,-1.639509e+01,7.211500e-01,3.043706e+01,2.237143e-01,1.673791e-01,8.528288e+01,6.495979e-01,-2.798847e+00,1.359624e+01,1.707125e-01,8.227736e-01,4.381612e+02,2.433040e+02,5.075850e+02,2.848794e+02,-1.389201e-02,6.821042e-01,3.702172e-02,1.563975e-02,-1.449532e-01,8.649345e-01,3.028836e-02,5.397270e-01,-1.049284e+00,6.943787e-01,1.793078e+01,2.230303e-01,1.465903e-01,6.013496e+01,5.669848e-01,1.246585e+01,1.351513e+01,-1.138535e+01,6.936048e-01,3.346406e+02,2.530051e+02,4.123141e+02,2.660920e+02,-5.290780e-03,5.856718e-01,2.831956e-02,6.430805e-03,-5.918093e-02,6.608486e-01,2.718114e-02,5.212627e-01,-4.102064e+00,7.298891e-01,1.493741e+01,1.479630e-01,8.932015e-02,5.081203e+01,7.585286e-01,6.078681e+00,1.018075e+01,-1.481859e+00,7.619545e-01,3.331471e+02,1.470942e+02,3.562199e+02,2.005552e+02,-1.814250e-02,6.154468e-01,4.404282e-02,1.280724e-02,-1.254672e-01,7.651647e-01,3.952756e-02,5.000869e-01,9.728311e-01,7.134317e-01,1.526044e+01,1.663265e-01,1.081575e-01,5.518545e+01,6.754988e-01,1.402835e+01,1.305551e+01,1.259548e+01,6.821362e-01,3.508858e+02,1.926492e+02,3.761763e+02,2.049973e+02,-8.935680e-03,5.668671e-01,3.428247e-02,3.457820e-03,-3.791221e-02,6.072894e-01,3.395334e-02,5.293399e-01,-4.185621e+00,6.806168e-01,1.594817e+01,1.780435e-01,1.083248e-01,4.810906e+01,5.950711e-01,8.190289e+00,1.237591e+01,-1.956768e+00,8.122637e-01,3.453918e+02,1.917807e+02,3.405782e+02,1.859099e+02,-1.508944e-02,5.842503e-01,3.489794e-02,1.475897e-02,-1.387696e-01,7.567841e-01,2.890163e-02,4.943135e-01,5.393691e+00,6.974012e-01,1.286395e+01,1.927907e-01,1.209649e-01,3.485245e+01,4.617449e-01,1.754507e+01,1.215138e+01,3.252888e+00,6.541547e-01,3.195730e+02,1.793319e+02,2.715691e+02,1.342651e+02,-1.440509e-02,6.371461e-01,2.272244e-02,4.032849e-03,-4.820036e-02,6.842905e-01,2.227473e-02,4.895734e-01,-5.170293e+00,6.834745e-01,1.217161e+01,1.729787e-01,1.089927e-01,5.504958e+01,8.200193e-01,4.789445e+00,9.959738e+00,-9.263393e-01,5.976131e-01,2.823129e+02,1.546288e+02,2.691470e+02,1.527717e+02,-4.672780e-03,4.416702e-01,2.681310e-02,9.093016e-03,-8.087226e-02,5.479685e-01,2.453701e-02,5.395384e-01,2.550613e-01,6.735392e-02,9.522476e-02,1.911111e-01,1.917029e-01,5.354911e-01,6.757742e-01,1.546730e-01,1.546766e-01,-2.000000e+01,3.909565e-01,4.410780e+00,2.872892e+00,4.591832e+00,3.003334e+00,2.796840e-01,2.659396e-01,6.268653e-01,9.857143e-01,9.881099e-01,5.219712e+00,5.531117e-01,2.003367e+00,2.003612e+00,-2.000000e+01,3.703478e-01,4.782376e+00,3.097496e+00,6.347979e+01,6.548825e+01,2.352858e-01,2.256742e-03,3.335478e-03,1.928571e-01,1.899022e-01,1.598215e-02,5.517645e-01,6.055918e-03,6.056243e-03,-2.000000e+01,4.143151e-01,1.561015e-01,1.207887e-01,2.011594e-01,1.223983e-01,3.679842e-01,5.340267e-03,1.121470e-02,4.553333e-01,2.650643e-01,4.780092e-02,4.495972e-01,1.975260e-02,1.976669e-02,-1.999999e+01,4.706074e-01,1.925418e-01,1.589668e-01,4.494396e-01,4.625043e-01,4.569415e-01,1.636957e-02,2.733618e-02,3.325000e-01,2.251851e-01,2.061012e-01,6.601552e-01,5.149545e-02,5.150653e-02,-2.000000e+01,3.024241e-01,7.011794e-01,7.762601e-01,1.712813e+00,1.293311e+00,3.198149e-01,7.160648e-02,1.298368e-01,5.408333e-01,3.258461e-01,1.149079e+00,6.316820e-01,3.854680e-01,3.854610e-01,2.000000e+01,2.848646e-01,1.945606e+00,1.490562e+00,8.927827e+00,9.913319e+00,2.716773e-01,1.321322e-01,2.574000e-01,5.184615e-01,3.768948e-01,2.246582e+00,6.598544e-01,7.321514e-01,7.322639e-01,-2.000000e+01,2.390289e-01,4.110265e+00,2.668412e+00,1.824349e+01,2.275671e+01,2.696969e-01,2.069576e-01,3.950334e-01,6.740000e-01,4.864319e-01,3.205416e+00,5.837430e-01,1.267935e+00,1.268035e+00,-2.000000e+01,3.192491e-01,5.785664e+00,4.728497e+00,4.140380e+01,4.064336e+01,2.604715e-01,2.626616e-01,5.712721e-01,7.211111e-01,5.154346e-01,3.854156e+00,4.406756e-01,1.707672e+00,1.707773e+00,-2.000000e+01,4.688520e-01,7.877930e+00,8.099311e+00,5.808232e+01,6.026134e+01,2.598704e-01,2.793664e-01,7.006192e-01,8.500000e-01,6.258366e-01,6.097669e+00,4.917074e-01,2.284302e+00,2.284352e+00,-2.000000e+01,4.137013e-01,5.853749e+00,3.823595e+00,8.355035e+01,8.325286e+01,2.460637e-01,2.710941e-01,7.065743e-01,9.899999e-01,5.609218e-01,5.516443e+00,4.740738e-01,2.304519e+00,2.304720e+00,-2.000000e+01,4.449402e-01,5.672151e+00,3.535523e+00,8.208810e+01,9.521739e+01,2.453911e-01,3.237488e-01,8.838145e-01,1.585000e+00,1.339039e+00,7.434906e+00,5.476772e-01,3.616832e+00,3.617080e+00,-2.000000e+01,3.480128e-01,4.372540e+00,2.588881e+00,1.355942e+02,1.271548e+02,2.583826e-01,3.532254e-01,8.870509e-01,1.294000e+00,1.142471e+00,8.359138e+00,5.409852e-01,3.384161e+00,3.384499e+00,-2.000000e+01,3.478090e-01,5.930220e+00,3.933101e+00,1.090941e+02,9.678679e+01,2.542340e-01,3.810245e-01,9.911594e-01,1.190000e+00,1.004948e+00,9.518807e+00,5.311117e-01,3.731336e+00,3.731583e+00,-2.000000e+01,3.610249e-01,1.247703e+01,1.678076e+01,1.269373e+02,1.470970e+02,2.004103e-01,4.632254e-01,1.404455e+00,2.970000e+00,1.541168e+00,1.302205e+01,5.005838e-01,9.021103e+00,9.021438e+00,-2.000000e+01,3.583563e-01,6.794914e+00,4.456408e+00,2.628304e+02,1.915374e+02,1.877442e-01,5.789855e-01,1.751404e+00,1.587500e+00,1.141980e+00,1.764664e+01,5.421507e-01,7.738036e+00,7.738306e+00,-2.000000e+01,3.481940e-01,1.097352e+01,6.151964e+00,2.642258e+02,2.182274e+02,2.602980e-01,4.173909e-01,1.123540e+00,1.268000e+00,9.708676e-01,1.123176e+01,5.049486e-01,4.281425e+00,4.281788e+00,-2.000000e+01,3.957359e-01,7.357676e+00,4.647523e+00,1.467650e+02,1.447376e+02,3.436709e-01,3.029218e-01,6.129794e-01,4.921429e-01,3.694349e-01,4.637180e+00,5.647827e-01,1.392919e+00,1.393221e+00,-2.000000e+01,3.497410e-01,8.434201e+00,6.914165e+00,3.923491e+01,5.320068e+01,3.606634e-01,3.126146e-01,6.339266e-01,4.921429e-01,3.542692e-01,5.509463e+00,5.449533e-01,1.452336e+00,1.452665e+00,-2.000000e+01,3.604372e-01,7.733817e+00,4.232702e+00,4.153978e+01,5.815339e+01,2.992126e-01,3.932063e-01,9.836986e-01,1.298000e+00,7.928631e-01,9.699633e+00,5.309619e-01,3.756037e+00,3.756489e+00,-2.000000e+01,3.804755e-01,8.267367e+00,7.666273e+00,9.930817e+01,1.266547e+02,2.548666e-01,4.469429e-01,1.357779e+00,2.970000e+00,1.535985e+00,1.352785e+01,5.161220e-01,8.282475e+00,8.282827e+00,-2.000000e+01,3.743746e-01,6.591827e+00,4.930247e+00,2.704541e+02,1.957219e+02,2.737417e-01,4.159241e-01,1.138041e+00,1.976667e+00,8.855507e-01,1.028361e+01,5.225577e-01,6.224164e+00,6.224413e+00,-2.000000e+01,3.210659e-01,5.499118e+00,3.762991e+00,2.060406e+02,1.364144e+02,2.583222e-01,4.345753e-01,1.211819e+00,1.061667e+00,1.018868e+00,1.175043e+01,5.573979e-01,4.093182e+00,4.093543e+00,-2.000000e+01,3.683854e-01,2.366784e+01,2.709067e+01,1.548583e+02,1.258356e+02,2.812430e-01,4.071135e-01,9.188416e-01,8.657143e-01,5.867899e-01,8.214535e+00,5.730473e-01,3.313070e+00,3.313526e+00,-2.000000e+01,3.205328e-01,1.324889e+01,1.429118e+01,1.157904e+02,8.506128e+01,3.853132e-01,2.228627e-01,4.229325e-01,3.626316e-01,3.289689e-01,3.233956e+00,5.854664e-01,8.445242e-01,8.448805e-01,-2.000000e+01,4.586717e-01,1.416848e+01,1.353740e+01,2.837503e+01,3.487158e+01,3.918012e-01,1.940521e-01,3.486502e-01,3.455000e-01,3.294309e-01,2.829040e+00,6.983014e-01,6.497295e-01,6.500006e-01,-2.000000e+01,3.264078e-01,1.071482e+01,1.112711e+01,1.985951e+01,2.090391e+01,3.953276e-01,1.880627e-01,3.246096e-01,3.642105e-01,3.377041e-01,2.136898e+00,5.867838e-01,6.552435e-01,6.554698e-01,-2.000000e+01,3.397928e-01,8.102895e+00,7.608072e+00,1.966385e+01,1.662940e+01,3.542702e-01,1.941082e-01,3.448959e-01,4.593333e-01,3.771171e-01,2.625188e+00,5.969313e-01,8.128408e-01,8.131380e-01,-2.000000e+01,3.886681e-01,7.946584e+00,7.515057e+00,2.518008e+01,2.001784e+01,3.718783e-01,1.524997e-01,2.591375e-01,3.445000e-01,3.360190e-01,1.450193e+00,5.054268e-01,5.350522e-01,5.352654e-01,-2.000000e+01,4.492847e-01,6.581964e+00,5.209872e+00,1.599951e+01,1.539017e+01,3.480245e-01,1.203966e-01,2.068527e-01,3.626316e-01,3.456962e-01,1.064473e+00,4.834784e-01,4.336570e-01,4.337942e-01,-2.000000e+01,4.696444e-01,5.502055e+00,6.145216e+00,1.359789e+01,1.284049e+01,7.335605e-03,3.917266e-02,7.295217e-02,3.095000e-01,3.400592e-01,5.454597e-01,5.596201e-01,1.789401e-01,1.789401e-01,-2.000000e+01,3.655222e-01,3.623672e+00,4.348832e+00,7.300000e+00,5.843887e+00,8.680274e-03,2.170092e-02,4.988013e-02,4.041176e-01,3.917815e-01,4.654728e-01,6.405666e-01,1.111228e-01,1.111228e-01,2.000000e+01,3.341143e-01,1.980072e+00,2.372591e+00,4.337477e+00,3.451851e+00,3.188725e-01,1.445165e+02,2.816814e+02,7.716666e-01,5.584328e-01,1.378125e+03,4.334152e-01,1.157589e+03,1.157589e+03,2.000000e+01,4.540541e-01,4.920549e+03,4.971176e+03,3.300202e+04,2.056978e+04,3.384398e-01,1.774870e+02,3.299487e+02,6.000000e-01,4.204651e-01,1.818750e+03,4.586288e-01,9.173177e+02,9.173140e+02,2.000000e+01,4.420804e-01,9.434161e+03,1.172096e+04,2.302410e+04,2.026043e+04,3.023856e-01,1.987691e+02,4.091974e+02,4.035714e-01,2.421976e-01,2.384375e+03,4.606097e-01,9.778125e+02,9.778051e+02,2.000000e+01,4.781165e-01,9.700611e+03,7.940833e+03,2.624509e+04,2.461771e+04,2.879537e-01,2.667928e+02,5.111104e+02,3.109091e-01,1.931032e-01,2.648438e+03,4.507979e-01,1.038723e+03,1.038710e+03,2.000000e+01,4.686170e-01,1.575031e+04,1.770306e+04,3.379200e+04,2.739546e+04,2.155264e-01,2.354924e-02,3.432266e-02,1.456250e-01,1.640586e-01,1.747672e-01,5.584034e-01,5.601022e-02,5.600864e-02,2.000000e+01,4.183098e-01,2.088125e+00,1.494680e+00,2.645629e+00,1.616973e+00,3.002708e-01,1.405185e+02,3.386835e+02,5.544444e-01,3.937459e-01,1.910577e+03,4.693379e-01,1.036702e+03,1.036666e+03,2.000000e+01,4.461730e-01,6.823215e+03,6.154787e+03,2.634733e+04,1.780257e+04,5.025221e-01,2.029620e-01,3.012162e-01,1.500000e-01,8.642390e-02,1.091088e+00,4.755673e-01,3.984971e-01,3.978882e-01,1.999885e+01,5.697238e-01,1.239990e+01,7.212731e+00,1.285377e+01,8.961168e+00,3.289680e-01,3.177673e+05,5.745300e+05,2.690000e-01,2.166525e-01,2.956038e+06,4.201105e-01,1.144175e+06,1.143790e+06,2.000000e+01,5.246150e-01,2.325819e+07,2.117428e+07,5.892298e+07,4.022151e+07,3.482561e-01,2.067395e+00,3.682129e+00,3.051852e-01,2.091593e-01,2.467443e+01,4.557898e-01,7.177332e+00,7.190310e+00,-1.999735e+01,4.505146e-01,1.439958e+02,1.447062e+02,3.228072e+02,2.334436e+02,1.448146e-01,1.525882e+02,4.792827e+02,8.069999e-01,8.092792e-01,4.977137e+03,4.358861e-01,1.261370e+03,1.262442e+03,-1.999997e+01,4.603428e-01,1.580741e+04,1.571907e+04,5.889962e+04,7.117430e+04,4.591708e-02,5.419679e-03,1.165754e-02,2.237931e-01,1.683027e-01,4.410230e-02,3.567739e-01,2.027172e-02,2.027171e-02,2.000000e+01,6.163679e-01,8.973128e-01,6.912991e-01,5.228109e-01,5.180128e-01,3.118081e-01,9.934128e-02,2.339706e-01,4.990000e-01,3.809002e-01,1.334302e+00,4.663201e-01,6.674227e-01,6.673949e-01,2.000000e+01,4.534758e-01,5.206711e+00,4.432259e+00,1.681016e+01,1.243702e+01,1.293277e-02,3.166782e-02,5.491290e-02,2.453571e-01,2.465334e-01,4.024684e-01,6.557973e-01,1.047536e-01,1.047536e-01,-2.000000e+01,3.010925e-01,2.375704e+00,2.474278e+00,4.448249e+00,3.317165e+00,5.286037e-01,1.863608e+00,2.903499e+00,2.022222e-01,1.333160e-01,1.539466e+01,5.682409e-01,4.420692e+00,4.419750e+00,2.000000e+01,4.021498e-01,1.212071e+02,9.373983e+01,1.076108e+02,8.051530e+01,5.626707e-01,2.095914e+00,2.905352e+00,1.639583e-01,9.455144e-02,1.268986e+01,5.749530e-01,3.847085e+00,3.846942e+00,2.000000e+01,5.336872e-01,1.127070e+02,6.707269e+01,1.226422e+02,7.786256e+01,6.008909e-01,2.201859e+00,2.989501e+00,1.669388e-01,1.008008e-01,1.342952e+01,5.639238e-01,4.019565e+00,4.022869e+00,-1.999997e+01,5.243559e-01,1.206447e+02,7.572540e+01,1.264391e+02,8.731647e+01,5.908147e-01,2.490689e+00,3.431923e+00,1.576087e-01,9.232992e-02,1.578335e+01,5.217953e-01,4.609933e+00,4.613986e+00,-1.999996e+01,5.717495e-01,1.367259e+02,9.141612e+01,1.493055e+02,1.079938e+02,5.813241e-01,2.336520e+00,3.313334e+00,1.247692e-01,7.458840e-02,1.216421e+01,5.069813e-01,4.068861e+00,4.072097e+00,-1.999998e+01,5.074787e-01,1.569128e+02,9.593553e+01,1.492239e+02,9.526837e+01,6.215419e-01,2.313109e+00,3.145944e+00,1.255385e-01,7.560532e-02,1.207738e+01,4.892991e-01,4.141945e+00,4.144451e+00,-2.000000e+01,5.287217e-01,1.617784e+02,9.055904e+01,1.517278e+02,9.843302e+01,6.036979e-01,2.952148e+00,4.047682e+00,1.214925e-01,7.351939e-02,1.272771e+01,4.917865e-01,4.902338e+00,4.897345e+00,1.999989e+01,5.613285e-01,1.888248e+02,1.163431e+02,1.861407e+02,1.076612e+02,6.158683e-01,3.020333e+00,4.407278e+00,1.303226e-01,7.852737e-02,1.537053e+01,4.413504e-01,5.473564e+00,5.460697e+00,1.999149e+01,6.541251e-01,2.180802e+02,1.314082e+02,2.040607e+02,1.178796e+02,6.078529e-01,2.269030e+00,3.362851e+00,1.215385e-01,7.271325e-02,1.543651e+01,5.449088e-01,3.961797e+00,3.956954e+00,1.999966e+01,4.905608e-01,1.698347e+02,1.141225e+02,1.541163e+02,9.122958e+01,6.387199e-01,2.138022e+00,2.967726e+00,1.062820e-01,6.290692e-02,1.174056e+01,6.716174e-01,3.349555e+00,3.348893e+00,2.000000e+01,5.782488e-01,1.545227e+02,7.382137e+01,1.415612e+02,7.562064e+01,5.969923e-01,2.396080e+00,3.175891e+00,1.064474e-01,6.095202e-02,1.120423e+01,5.146239e-01,3.590943e+00,3.595277e+00,-1.999968e+01,6.161280e-01,1.588706e+02,9.462036e+01,1.647975e+02,9.522675e+01,6.013805e-01,2.194173e+00,3.028895e+00,1.070130e-01,6.238988e-02,9.943073e+00,5.129200e-01,3.581108e+00,3.573780e+00,1.999532e+01,5.923201e-01,1.510169e+02,7.954181e+01,1.440616e+02,8.558134e+01,6.373445e-01,2.030848e+00,2.657596e+00,1.109459e-01,6.861898e-02,1.020297e+01,5.486829e-01,3.018120e+00,3.024861e+00,-1.999314e+01,4.903343e-01,1.306517e+02,7.048384e+01,1.271182e+02,7.234577e+01,5.926442e-01,1.940475e+00,2.537141e+00,1.236364e-01,7.283232e-02,7.773051e+00,4.007920e-01,3.138427e+00,3.139771e+00,-2.000000e+01,5.993415e-01,1.361705e+02,7.927905e+01,1.171194e+02,8.022733e+01,?
